 0.000000000000000e+000, 3.000000000000000e+000, 0.000000000000000e+000, 3.000000000000000e+000
 5.000000000000000e-002, 2.030978743453764e+003, 5.000000000000000e-002, 1.897200733197421e+003
 1.000000000000000e-001, 2.346553785677616e+003, 1.000000000000000e-001, 2.328085537779689e+003
 1.500000000000000e-001, 2.468152638672850e+003, 1.500000000000000e-001, 2.532218801778070e+003
 2.000000000000000e-001, 2.524434768956633e+003, 2.000000000000000e-001, 2.637325366849205e+003
 2.500000000000000e-001, 2.552535093682810e+003, 2.500000000000000e-001, 2.691799992259925e+003
 3.000000000000000e-001, 2.567864032169668e+003, 3.000000000000000e-001, 2.719524904557000e+003
 3.500000000000000e-001, 2.577202479721906e+003, 3.500000000000000e-001, 2.732681566280726e+003
 4.000000000000000e-001, 2.583638796357893e+003, 4.000000000000000e-001, 2.737717897557224e+003
 4.500000000000000e-001, 2.588611642817867e+003, 4.500000000000000e-001, 2.738159472167141e+003
 5.000000000000000e-001, 2.592800514392239e+003, 5.000000000000000e-001, 2.735978273888063e+003
 5.500000000000000e-001, 2.596529420787036e+003, 5.500000000000000e-001, 2.732293159760535e+003
 6.000000000000000e-001, 2.599954321019419e+003, 6.000000000000000e-001, 2.727744302938917e+003
 6.500000000000000e-001, 2.603151314653087e+003, 6.500000000000000e-001, 2.722699648072880e+003
 7.000000000000000e-001, 2.606158424919687e+003, 7.000000000000000e-001, 2.717371337290666e+003
 7.500000000000000e-001, 2.608995476542463e+003, 7.500000000000000e-001, 2.711881636450863e+003
 8.000000000000000e-001, 2.611673561634381e+003, 8.000000000000000e-001, 2.706301139084821e+003
 8.500000000000000e-001, 2.614199567570505e+003, 8.500000000000000e-001, 2.700670691752289e+003
 9.000000000000000e-001, 2.616578328393096e+003, 9.000000000000000e-001, 2.695013648594586e+003
 9.500000000000000e-001, 2.618813663809508e+003, 9.500000000000000e-001, 2.689343720278236e+003
 1.000000000000000e+000, 2.620908874443312e+003, 1.000000000000000e+000, 2.683668628044665e+003
 1.050000000000000e+000, 2.622866974025007e+003, 1.050000000000000e+000, 2.677992912120673e+003
 1.100000000000000e+000, 2.624690809432135e+003, 1.100000000000000e+000, 2.672319118827424e+003
 1.150000000000000e+000, 2.626383112293993e+003, 1.150000000000000e+000, 2.666648848554934e+003
 1.200000000000000e+000, 2.627946530952642e+003, 1.200000000000000e+000, 2.660982937793595e+003
 1.250000000000000e+000, 2.629383641704294e+003, 1.250000000000000e+000, 2.655321949797674e+003
 1.300000000000000e+000, 2.630696956256972e+003, 1.300000000000000e+000, 2.649666170478068e+003
 1.350000000000000e+000, 2.631888920902612e+003, 1.350000000000000e+000, 2.644015774085804e+003
 1.400000000000000e+000, 2.632961933200106e+003, 1.400000000000000e+000, 2.638370905687365e+003
 1.450000000000000e+000, 2.633918337175684e+003, 1.450000000000000e+000, 2.632731639243839e+003
 1.500000000000000e+000, 2.634760422623229e+003, 1.500000000000000e+000, 2.627098034187334e+003
 1.550000000000000e+000, 2.635490427020633e+003, 1.550000000000000e+000, 2.621470141611067e+003
 1.600000000000000e+000, 2.636110537683551e+003, 1.600000000000000e+000, 2.615847968261705e+003
 1.650000000000000e+000, 2.636622893498229e+003, 1.650000000000000e+000, 2.610231634486835e+003
 1.700000000000000e+000, 2.637029586298632e+003, 1.700000000000000e+000, 2.604621019342973e+003
 1.750000000000000e+000, 2.637332669400008e+003, 1.750000000000000e+000, 2.599016293289960e+003
 1.800000000000000e+000, 2.637534144044576e+003, 1.800000000000000e+000, 2.593417379133214e+003
 1.850000000000000e+000, 2.637635961414293e+003, 1.850000000000000e+000, 2.587824342179433e+003
 1.900000000000000e+000, 2.637640034140319e+003, 1.900000000000000e+000, 2.582237196057288e+003
 1.950000000000000e+000, 2.637548237801029e+003, 1.950000000000000e+000, 2.576656043817020e+003
 2.000000000000000e+000, 2.637362408772318e+003, 2.000000000000000e+000, 2.571080856832374e+003
 2.050000000000000e+000, 2.637084343533019e+003, 2.050000000000000e+000, 2.565511611668736e+003
 2.100000000000000e+000, 2.636715799820663e+003, 2.100000000000000e+000, 2.559948408955707e+003
 2.150000000000000e+000, 2.636258498321389e+003, 2.150000000000000e+000, 2.554391281975997e+003
 2.200000000000000e+000, 2.635714123969934e+003, 2.200000000000000e+000, 2.548840144178154e+003
 2.250000000000000e+000, 2.635084326802566e+003, 2.250000000000000e+000, 2.543295193523482e+003
 2.300000000000000e+000, 2.634370722753648e+003, 2.300000000000000e+000, 2.537756289758741e+003
 2.350000000000000e+000, 2.633574894547951e+003, 2.350000000000000e+000, 2.532223509226121e+003
 2.400000000000000e+000, 2.632698392546059e+003, 2.400000000000000e+000, 2.526696885127885e+003
 2.450000000000000e+000, 2.631742735556612e+003, 2.450000000000000e+000, 2.521176429863961e+003
 2.500000000000000e+000, 2.630709411708314e+003, 2.500000000000000e+000, 2.515662192167382e+003
 2.550000000000000e+000, 2.629599879255596e+003, 2.550000000000000e+000, 2.510154134503407e+003
 2.600000000000000e+000, 2.628415567271133e+003, 2.600000000000000e+000, 2.504652365655242e+003
 2.650000000000000e+000, 2.627157876401538e+003, 2.650000000000000e+000, 2.499156827606514e+003
 2.700000000000000e+000, 2.625828179652352e+003, 2.700000000000000e+000, 2.493667593222852e+003
 2.750000000000000e+000, 2.624427823033141e+003, 2.750000000000000e+000, 2.488184671982348e+003
 2.800000000000000e+000, 2.622958126194726e+003, 2.800000000000000e+000, 2.482708083640970e+003
 2.850000000000000e+000, 2.621420383168477e+003, 2.850000000000000e+000, 2.477237818217780e+003
 2.900000000000000e+000, 2.619815863001581e+003, 2.900000000000000e+000, 2.471773932295519e+003
 2.950000000000000e+000, 2.618145810287364e+003, 2.950000000000000e+000, 2.466316416357850e+003
 3.000000000000000e+000, 2.616411444712006e+003, 3.000000000000000e+000, 2.460865304115924e+003
 3.050000000000000e+000, 2.614613962498344e+003, 3.050000000000000e+000, 2.455420621990174e+003
 3.100000000000000e+000, 2.612754539677735e+003, 3.100000000000000e+000, 2.449982368132937e+003
 3.150000000000000e+000, 2.610834330199737e+003, 3.150000000000000e+000, 2.444550571460233e+003
 3.200000000000000e+000, 2.608854465866467e+003, 3.200000000000000e+000, 2.439125263653770e+003
 3.250000000000000e+000, 2.606816057045664e+003, 3.250000000000000e+000, 2.433706461515199e+003
 3.300000000000000e+000, 2.604720193394413e+003, 3.300000000000000e+000, 2.428294157316807e+003
 3.350000000000000e+000, 2.602567944489940e+003, 3.350000000000000e+000, 2.422888393259602e+003
 3.400000000000000e+000, 2.600360360348444e+003, 3.400000000000000e+000, 2.417489178426449e+003
 3.450000000000000e+000, 2.598098471863618e+003, 3.450000000000000e+000, 2.412096541653416e+003
 3.500000000000000e+000, 2.595783291240168e+003, 3.500000000000000e+000, 2.406710455607816e+003
 3.550000000000000e+000, 2.593415812433594e+003, 3.550000000000000e+000, 2.401330990062037e+003
 3.600000000000000e+000, 2.590997011567172e+003, 3.600000000000000e+000, 2.395958131092782e+003
 3.650000000000000e+000, 2.588527847331865e+003, 3.650000000000000e+000, 2.390591878050851e+003
 3.700000000000000e+000, 2.586009261384430e+003, 3.700000000000000e+000, 2.385232267577081e+003
 3.750000000000000e+000, 2.583442178734747e+003, 3.750000000000000e+000, 2.379879320059897e+003
 3.800000000000000e+000, 2.580827510699417e+003, 3.800000000000000e+000, 2.374533047707796e+003
 3.850000000000000e+000, 2.578166150027870e+003, 3.850000000000000e+000, 2.369193463575107e+003
 3.900000000000000e+000, 2.575458971526730e+003, 3.900000000000000e+000, 2.363860590050316e+003
 3.950000000000000e+000, 2.572706836061195e+003, 3.950000000000000e+000, 2.358534427453946e+003
 4.000000000000000e+000, 2.569910591066898e+003, 4.000000000000000e+000, 2.353214993390741e+003
 4.050000000000000e+000, 2.567071069697743e+003, 4.050000000000000e+000, 2.347902303969190e+003
 4.100000000000000e+000, 2.564189090504618e+003, 4.100000000000000e+000, 2.342596355539460e+003
 4.150000000000000e+000, 2.561265457807577e+003, 4.150000000000000e+000, 2.337297187435518e+003
 4.200000000000000e+000, 2.558300962227089e+003, 4.200000000000000e+000, 2.332004794195817e+003
 4.250000000000000e+000, 2.555296381069747e+003, 4.250000000000000e+000, 2.326719197920619e+003
 4.300000000000000e+000, 2.552252478598078e+003, 4.300000000000000e+000, 2.321440406382415e+003
 4.350000000000000e+000, 2.549170006266760e+003, 4.350000000000000e+000, 2.316168431623983e+003
 4.400000000000000e+000, 2.546049702960513e+003, 4.400000000000000e+000, 2.310903285532787e+003
 4.450000000000000e+000, 2.542892295253300e+003, 4.450000000000000e+000, 2.305644975799051e+003
 4.500000000000000e+000, 2.539698497672983e+003, 4.500000000000000e+000, 2.300393515376543e+003
 4.550000000000000e+000, 2.536469012942391e+003, 4.550000000000000e+000, 2.295148916479500e+003
 4.600000000000000e+000, 2.533204532209519e+003, 4.600000000000000e+000, 2.289911189890205e+003
 4.650000000000000e+000, 2.529905735282703e+003, 4.650000000000000e+000, 2.284680345803537e+003
 4.700000000000000e+000, 2.526573290853850e+003, 4.700000000000000e+000, 2.279456394202575e+003
 4.750000000000000e+000, 2.523207856708485e+003, 4.750000000000000e+000, 2.274239344910613e+003
 4.800000000000000e+000, 2.519810079940769e+003, 4.800000000000000e+000, 2.269029207544913e+003
 4.850000000000000e+000, 2.516380597164426e+003, 4.850000000000000e+000, 2.263825991499811e+003
 4.900000000000000e+000, 2.512920034707109e+003, 4.900000000000000e+000, 2.258629705942261e+003
 4.950000000000000e+000, 2.509429008803582e+003, 4.950000000000000e+000, 2.253440359805447e+003
 5.000000000000000e+000, 2.505908125791829e+003, 5.000000000000000e+000, 2.248257961790576e+003
 5.050000000000000e+000, 2.502357982296440e+003, 5.050000000000000e+000, 2.243082520407821e+003
 5.100000000000000e+000, 2.498779165403997e+003, 5.100000000000000e+000, 2.237914043905911e+003
 5.150000000000000e+000, 2.495172252842381e+003, 5.150000000000000e+000, 2.232752540277068e+003
 5.200000000000000e+000, 2.491537813154113e+003, 5.200000000000000e+000, 2.227598017308633e+003
 5.250000000000000e+000, 2.487876405858593e+003, 5.250000000000000e+000, 2.222450482587501e+003
 5.300000000000000e+000, 2.484188581614882e+003, 5.300000000000000e+000, 2.217309943486714e+003
 5.350000000000000e+000, 2.480474882383876e+003, 5.350000000000000e+000, 2.212176407158964e+003
 5.400000000000000e+000, 2.476735841580673e+003, 5.400000000000000e+000, 2.207049880538981e+003
 5.450000000000000e+000, 2.472971984223165e+003, 5.450000000000000e+000, 2.201930370348396e+003
 5.500000000000000e+000, 2.469183827082003e+003, 5.500000000000000e+000, 2.196817883099188e+003
 5.550000000000000e+000, 2.465371878824315e+003, 5.550000000000000e+000, 2.191712425095491e+003
 5.600000000000000e+000, 2.461536640151054e+003, 5.600000000000000e+000, 2.186614002434903e+003
 5.650000000000000e+000, 2.457678603934777e+003, 5.650000000000000e+000, 2.181522621010121e+003
 5.700000000000000e+000, 2.453798255354752e+003, 5.700000000000000e+000, 2.176438286510892e+003
 5.750000000000000e+000, 2.449896072025371e+003, 5.750000000000000e+000, 2.171361004425995e+003
 5.800000000000000e+000, 2.445972524122928e+003, 5.800000000000000e+000, 2.166290780044985e+003
 5.850000000000000e+000, 2.442028074511748e+003, 5.850000000000000e+000, 2.161227618460354e+003
 5.900000000000000e+000, 2.438063178865079e+003, 5.900000000000000e+000, 2.156171524569584e+003
 5.950000000000000e+000, 2.434078285782527e+003, 5.950000000000000e+000, 2.151122503076760e+003
 6.000000000000000e+000, 2.430070675692680e+003, 6.000000000000000e+000, 2.146083388542700e+003
 6.050000000000000e+000, 2.426047203899878e+003, 6.050000000000000e+000, 2.141048522131523e+003
 6.100000000000000e+000, 2.422005047349192e+003, 6.100000000000000e+000, 2.136020741547311e+003
 6.150000000000000e+000, 2.417944686362297e+003, 6.150000000000000e+000, 2.131000049599602e+003
 6.200000000000000e+000, 2.413866487389606e+003, 6.200000000000000e+000, 2.125986451086856e+003
 6.250000000000000e+000, 2.409770842813328e+003, 6.250000000000000e+000, 2.120979949340483e+003
 6.300000000000000e+000, 2.405658149545678e+003, 6.300000000000000e+000, 2.115980547563178e+003
 6.350000000000000e+000, 2.401528801903616e+003, 6.350000000000000e+000, 2.110988248066289e+003
 6.400000000000000e+000, 2.397383077808852e+003, 6.400000000000000e+000, 2.106003054610863e+003
 6.450000000000000e+000, 2.393221434088375e+003, 6.450000000000000e+000, 2.101024970413816e+003
 6.500000000000000e+000, 2.389044297405534e+003, 6.500000000000000e+000, 2.096053998200571e+003
 6.550000000000000e+000, 2.384852045427533e+003, 6.550000000000000e+000, 2.091090140477137e+003
 6.600000000000000e+000, 2.380645039098897e+003, 6.600000000000000e+000, 2.086133399569365e+003
 6.650000000000000e+000, 2.376423634693001e+003, 6.650000000000000e+000, 2.081183777649800e+003
 6.700000000000000e+000, 2.372188185526800e+003, 6.700000000000000e+000, 2.076241276742206e+003
 6.750000000000000e+000, 2.367939040891470e+003, 6.750000000000000e+000, 2.071305898709905e+003
 6.800000000000000e+000, 2.363676545136130e+003, 6.800000000000000e+000, 2.066377645253427e+003
 6.850000000000000e+000, 2.359401037317912e+003, 6.850000000000000e+000, 2.061456517913004e+003
 6.900000000000000e+000, 2.355112851182113e+003, 6.900000000000000e+000, 2.056542518069909e+003
 6.950000000000000e+000, 2.350812315261123e+003, 6.950000000000000e+000, 2.051635646972981e+003
 7.000000000000000e+000, 2.346499753793199e+003, 7.000000000000000e+000, 2.046735905691357e+003
 7.050000000000000e+000, 2.342175485174426e+003, 7.050000000000000e+000, 2.041843295118266e+003
 7.100000000000000e+000, 2.337839822117940e+003, 7.100000000000000e+000, 2.036957816006944e+003
 7.150000000000000e+000, 2.333493072875545e+003, 7.150000000000000e+000, 2.032079468974227e+003
 7.200000000000000e+000, 2.329135541363652e+003, 7.200000000000000e+000, 2.027208254491748e+003
 7.250000000000000e+000, 2.324767526862693e+003, 7.250000000000000e+000, 2.022344172881762e+003
 7.300000000000000e+000, 2.320389323889261e+003, 7.300000000000000e+000, 2.017487224319202e+003
 7.350000000000000e+000, 2.316001222289101e+003, 7.350000000000000e+000, 2.012637408835512e+003
 7.400000000000000e+000, 2.311603507375231e+003, 7.400000000000000e+000, 2.007794726321345e+003
 7.450000000000000e+000, 2.307196460023592e+003, 7.450000000000000e+000, 2.002959176528156e+003
 7.500000000000000e+000, 2.302780356736325e+003, 7.500000000000000e+000, 1.998130759069496e+003
 7.550000000000000e+000, 2.298355469692834e+003, 7.550000000000000e+000, 1.993309473422488e+003
 7.600000000000000e+000, 2.293922066804074e+003, 7.600000000000000e+000, 1.988495318929495e+003
 7.650000000000000e+000, 2.289480411776316e+003, 7.650000000000000e+000, 1.983688294799821e+003
 7.700000000000000e+000, 2.285030764174855e+003, 7.700000000000000e+000, 1.978888400111205e+003
 7.750000000000000e+000, 2.280573379476977e+003, 7.750000000000000e+000, 1.974095633811657e+003
 7.800000000000000e+000, 2.276108509138606e+003, 7.800000000000000e+000, 1.969309994721212e+003
 7.850000000000000e+000, 2.271636400659876e+003, 7.850000000000000e+000, 1.964531481533300e+003
 7.900000000000000e+000, 2.267157297632203e+003, 7.900000000000000e+000, 1.959760092816126e+003
 7.950000000000000e+000, 2.262671439783900e+003, 7.950000000000000e+000, 1.954995827014308e+003
 8.000000000000000e+000, 2.258179063042229e+003, 8.000000000000000e+000, 1.950238682450611e+003
 8.050000000000001e+000, 2.253680399593676e+003, 8.050000000000001e+000, 1.945488657327546e+003
 8.100000000000000e+000, 2.249175677935186e+003, 8.100000000000000e+000, 1.940745749728717e+003
 8.150000000000000e+000, 2.244665122923286e+003, 8.150000000000000e+000, 1.936009957620307e+003
 8.199999999999999e+000, 2.240148955825223e+003, 8.199999999999999e+000, 1.931281278852678e+003
 8.250000000000000e+000, 2.235627394370244e+003, 8.250000000000000e+000, 1.926559711161920e+003
 8.300000000000001e+000, 2.231100652802599e+003, 8.300000000000001e+000, 1.921845252171326e+003
 8.350000000000000e+000, 2.226568941932001e+003, 8.350000000000000e+000, 1.917137899392843e+003
 8.400000000000000e+000, 2.222032469180033e+003, 8.400000000000000e+000, 1.912437650228535e+003
 8.449999999999999e+000, 2.217491438627848e+003, 8.449999999999999e+000, 1.907744501972032e+003
 8.500000000000000e+000, 2.212946051064594e+003, 8.500000000000000e+000, 1.903058451809975e+003
 8.550000000000001e+000, 2.208396504029206e+003, 8.550000000000001e+000, 1.898379496823452e+003
 8.600000000000000e+000, 2.203842991862868e+003, 8.600000000000000e+000, 1.893707633989415e+003
 8.650000000000000e+000, 2.199285705760047e+003, 8.650000000000000e+000, 1.889042860182087e+003
 8.699999999999999e+000, 2.194724833806628e+003, 8.699999999999999e+000, 1.884385172174357e+003
 8.750000000000000e+000, 2.190160561017633e+003, 8.750000000000000e+000, 1.879734566639160e+003
 8.800000000000001e+000, 2.185593069383918e+003, 8.800000000000001e+000, 1.875091040150860e+003
 8.850000000000000e+000, 2.181022537919951e+003, 8.850000000000000e+000, 1.870454589186598e+003
 8.900000000000000e+000, 2.176449142707103e+003, 8.900000000000000e+000, 1.865825210127646e+003
 8.949999999999999e+000, 2.171873056930919e+003, 8.949999999999999e+000, 1.861202899260749e+003
 9.000000000000000e+000, 2.167294450921243e+003, 9.000000000000000e+000, 1.856587652779439e+003
 9.050000000000001e+000, 2.162713492195038e+003, 9.050000000000001e+000, 1.851979466785358e+003
 9.100000000000000e+000, 2.158130345498151e+003, 9.100000000000000e+000, 1.847378337289557e+003
 9.150000000000000e+000, 2.153545172844742e+003, 9.150000000000000e+000, 1.842784260213784e+003
 9.199999999999999e+000, 2.148958133555449e+003, 9.199999999999999e+000, 1.838197231391766e+003
 9.250000000000000e+000, 2.144369384295723e+003, 9.250000000000000e+000, 1.833617246570472e+003
 9.300000000000001e+000, 2.139779079114062e+003, 9.300000000000001e+000, 1.829044301411370e+003
 9.350000000000000e+000, 2.135187369475924e+003, 9.350000000000000e+000, 1.824478391491673e+003
 9.400000000000000e+000, 2.130594404306287e+003, 9.400000000000000e+000, 1.819919512305564e+003
 9.449999999999999e+000, 2.126000330030044e+003, 9.449999999999999e+000, 1.815367659265426e+003
 9.500000000000000e+000, 2.121405290603050e+003, 9.500000000000000e+000, 1.810822827703041e+003
 9.550000000000001e+000, 2.116809427543034e+003, 9.550000000000001e+000, 1.806285012870792e+003
 9.600000000000000e+000, 2.112212879966536e+003, 9.600000000000000e+000, 1.801754209942853e+003
 9.650000000000000e+000, 2.107615784627596e+003, 9.650000000000000e+000, 1.797230414016352e+003
 9.699999999999999e+000, 2.103018275953283e+003, 9.699999999999999e+000, 1.792713620112545e+003
 9.750000000000000e+000, 2.098420486073300e+003, 9.750000000000000e+000, 1.788203823177962e+003
 9.800000000000001e+000, 2.093822544852397e+003, 9.800000000000001e+000, 1.783701018085550e+003
 9.850000000000000e+000, 2.089224579925407e+003, 9.850000000000000e+000, 1.779205199635798e+003
 9.900000000000000e+000, 2.084626716730833e+003, 9.900000000000000e+000, 1.774716362557857e+003
 9.949999999999999e+000, 2.080029078542661e+003, 9.949999999999999e+000, 1.770234501510650e+003
 1.000000000000000e+001, 2.075431786501464e+003, 1.000000000000000e+001, 1.765759611083960e+003
 1.005000000000000e+001, 2.070834959645423e+003, 1.005000000000000e+001, 1.761291685799520e+003
 1.010000000000000e+001, 2.066238714941215e+003, 1.010000000000000e+001, 1.756830720112084e+003
 1.015000000000000e+001, 2.061643167311591e+003, 1.015000000000000e+001, 1.752376708410490e+003
 1.020000000000000e+001, 2.057048429669880e+003, 1.020000000000000e+001, 1.747929645018711e+003
 1.025000000000000e+001, 2.052454612952680e+003, 1.025000000000000e+001, 1.743489524196894e+003
 1.030000000000000e+001, 2.047861826145090e+003, 1.030000000000000e+001, 1.739056340142394e+003
 1.035000000000000e+001, 2.043270176305791e+003, 1.035000000000000e+001, 1.734630086990785e+003
 1.040000000000000e+001, 2.038679768596948e+003, 1.040000000000000e+001, 1.730210758816878e+003
 1.045000000000000e+001, 2.034090706315616e+003, 1.045000000000000e+001, 1.725798349635708e+003
 1.050000000000000e+001, 2.029503090922575e+003, 1.050000000000000e+001, 1.721392853403531e+003
 1.055000000000000e+001, 2.024917022066310e+003, 1.055000000000000e+001, 1.716994264018793e+003
 1.060000000000000e+001, 2.020332597609300e+003, 1.060000000000000e+001, 1.712602575323099e+003
 1.065000000000000e+001, 2.015749913656443e+003, 1.065000000000000e+001, 1.708217781102166e+003
 1.070000000000000e+001, 2.011169064582279e+003, 1.070000000000000e+001, 1.703839875086773e+003
 1.075000000000000e+001, 2.006590143056772e+003, 1.075000000000000e+001, 1.699468850953690e+003
 1.080000000000000e+001, 2.002013240070530e+003, 1.080000000000000e+001, 1.695104702326607e+003
 1.085000000000000e+001, 1.997438444959940e+003, 1.085000000000000e+001, 1.690747422777048e+003
 1.090000000000000e+001, 1.992865845432190e+003, 1.090000000000000e+001, 1.686397005825272e+003
 1.095000000000000e+001, 1.988295527587610e+003, 1.095000000000000e+001, 1.682053444941172e+003
 1.100000000000000e+001, 1.983727575947613e+003, 1.100000000000000e+001, 1.677716733545156e+003
 1.105000000000000e+001, 1.979162073481155e+003, 1.105000000000000e+001, 1.673386865009025e+003
 1.110000000000000e+001, 1.974599101625164e+003, 1.110000000000000e+001, 1.669063832656834e+003
 1.115000000000000e+001, 1.970038740304823e+003, 1.115000000000000e+001, 1.664747629765750e+003
 1.120000000000000e+001, 1.965481067957756e+003, 1.120000000000000e+001, 1.660438249566898e+003
 1.125000000000000e+001, 1.960926161559424e+003, 1.125000000000000e+001, 1.656135685246193e+003
 1.130000000000000e+001, 1.956374096646430e+003, 1.130000000000000e+001, 1.651839929945171e+003
 1.135000000000000e+001, 1.951824947335887e+003, 1.135000000000000e+001, 1.647550976761806e+003
 1.140000000000000e+001, 1.947278786346660e+003, 1.140000000000000e+001, 1.643268818751312e+003
 1.145000000000000e+001, 1.942735685022302e+003, 1.145000000000000e+001, 1.638993448926947e+003
 1.150000000000000e+001, 1.938195713353026e+003, 1.150000000000000e+001, 1.634724860260800e+003
 1.155000000000000e+001, 1.933658939996502e+003, 1.155000000000000e+001, 1.630463045684573e+003
 1.160000000000000e+001, 1.929125432298187e+003, 1.160000000000000e+001, 1.626207998090349e+003
 1.165000000000000e+001, 1.924595256311584e+003, 1.165000000000000e+001, 1.621959710331355e+003
 1.170000000000000e+001, 1.920068476818394e+003, 1.170000000000000e+001, 1.617718175222715e+003
 1.175000000000000e+001, 1.915545157346503e+003, 1.175000000000000e+001, 1.613483385542196e+003
 1.180000000000000e+001, 1.911025360192468e+003, 1.180000000000000e+001, 1.609255334030943e+003
 1.185000000000000e+001, 1.906509146442807e+003, 1.185000000000000e+001, 1.605034013394203e+003
 1.190000000000000e+001, 1.901996575990406e+003, 1.190000000000000e+001, 1.600819416302046e+003
 1.195000000000000e+001, 1.897487707550831e+003, 1.195000000000000e+001, 1.596611535390073e+003
 1.200000000000000e+001, 1.892982598681737e+003, 1.200000000000000e+001, 1.592410363260119e+003
 1.205000000000000e+001, 1.888481305803263e+003, 1.205000000000000e+001, 1.588215892480944e+003
 1.210000000000000e+001, 1.883983884216732e+003, 1.210000000000000e+001, 1.584028115588918e+003
 1.215000000000000e+001, 1.879490388120177e+003, 1.215000000000000e+001, 1.579847025088700e+003
 1.220000000000000e+001, 1.875000870625362e+003, 1.220000000000000e+001, 1.575672613453897e+003
 1.225000000000000e+001, 1.870515383776158e+003, 1.225000000000000e+001, 1.571504873127738e+003
 1.230000000000000e+001, 1.866033978566126e+003, 1.230000000000000e+001, 1.567343796523714e+003
 1.235000000000000e+001, 1.861556704955164e+003, 1.235000000000000e+001, 1.563189376026229e+003
 1.240000000000000e+001, 1.857083611885761e+003, 1.240000000000000e+001, 1.559041603991231e+003
 1.245000000000000e+001, 1.852614747299186e+003, 1.245000000000000e+001, 1.554900472746844e+003
 1.250000000000000e+001, 1.848150158151582e+003, 1.250000000000000e+001, 1.550765974593989e+003
 1.255000000000000e+001, 1.843689890428318e+003, 1.255000000000000e+001, 1.546638101806996e+003
 1.260000000000000e+001, 1.839233989161964e+003, 1.260000000000000e+001, 1.542516846634205e+003
 1.265000000000000e+001, 1.834782498449237e+003, 1.265000000000000e+001, 1.538402201298575e+003
 1.270000000000000e+001, 1.830335461464078e+003, 1.270000000000000e+001, 1.534294157998261e+003
 1.275000000000000e+001, 1.825892920470632e+003, 1.275000000000000e+001, 1.530192708907209e+003
 1.280000000000000e+001, 1.821454916838713e+003, 1.280000000000000e+001, 1.526097846175725e+003
 1.285000000000000e+001, 1.817021491060034e+003, 1.285000000000000e+001, 1.522009561931044e+003
 1.290000000000000e+001, 1.812592682763075e+003, 1.290000000000000e+001, 1.517927848277896e+003
 1.295000000000000e+001, 1.808168530725414e+003, 1.295000000000000e+001, 1.513852697299056e+003
 1.300000000000000e+001, 1.803749072887238e+003, 1.300000000000000e+001, 1.509784101055895e+003
 1.305000000000000e+001, 1.799334346365936e+003, 1.305000000000000e+001, 1.505722051588919e+003
 1.310000000000000e+001, 1.794924387470051e+003, 1.310000000000000e+001, 1.501666540918302e+003
 1.315000000000000e+001, 1.790519231712472e+003, 1.315000000000000e+001, 1.497617561044414e+003
 1.320000000000000e+001, 1.786118913823312e+003, 1.320000000000000e+001, 1.493575103948341e+003
 1.325000000000000e+001, 1.781723467762728e+003, 1.325000000000000e+001, 1.489539161592402e+003
 1.330000000000000e+001, 1.777332926733664e+003, 1.330000000000000e+001, 1.485509725920650e+003
 1.335000000000000e+001, 1.772947323193201e+003, 1.335000000000000e+001, 1.481486788859377e+003
 1.340000000000000e+001, 1.768566688866749e+003, 1.340000000000000e+001, 1.477470342317609e+003
 1.345000000000000e+001, 1.764191054761451e+003, 1.345000000000000e+001, 1.473460378187590e+003
 1.350000000000000e+001, 1.759820451176517e+003, 1.350000000000000e+001, 1.469456888345268e+003
 1.355000000000000e+001, 1.755454907713457e+003, 1.355000000000000e+001, 1.465459864650767e+003
 1.360000000000000e+001, 1.751094453288273e+003, 1.360000000000000e+001, 1.461469298948858e+003
 1.365000000000000e+001, 1.746739116144254e+003, 1.365000000000000e+001, 1.457485183069422e+003
 1.370000000000000e+001, 1.742388923863695e+003, 1.370000000000000e+001, 1.453507508827909e+003
 1.375000000000000e+001, 1.738043903377606e+003, 1.375000000000000e+001, 1.449536268025784e+003
 1.380000000000000e+001, 1.733704080976342e+003, 1.380000000000000e+001, 1.445571452450980e+003
 1.385000000000000e+001, 1.729369482321081e+003, 1.385000000000000e+001, 1.441613053878329e+003
 1.390000000000000e+001, 1.725040132454789e+003, 1.390000000000000e+001, 1.437661064070006e+003
 1.395000000000000e+001, 1.720716055812589e+003, 1.395000000000000e+001, 1.433715474775947e+003
 1.400000000000000e+001, 1.716397276231871e+003, 1.400000000000000e+001, 1.429776277734278e+003
 1.405000000000000e+001, 1.712083816962351e+003, 1.405000000000000e+001, 1.425843464671731e+003
 1.410000000000000e+001, 1.707775700676065e+003, 1.410000000000000e+001, 1.421917027304052e+003
 1.415000000000000e+001, 1.703472949476268e+003, 1.415000000000000e+001, 1.417996957336413e+003
 1.420000000000000e+001, 1.699175584908557e+003, 1.420000000000000e+001, 1.414083246463808e+003
 1.425000000000000e+001, 1.694883627971368e+003, 1.425000000000000e+001, 1.410175886371452e+003
 1.430000000000000e+001, 1.690597099124055e+003, 1.430000000000000e+001, 1.406274868735167e+003
 1.435000000000000e+001, 1.686316018294902e+003, 1.435000000000000e+001, 1.402380185221770e+003
 1.440000000000000e+001, 1.682040404890649e+003, 1.440000000000000e+001, 1.398491827489454e+003
 1.445000000000000e+001, 1.677770277806500e+003, 1.445000000000000e+001, 1.394609787188160e+003
 1.450000000000000e+001, 1.673505655435271e+003, 1.450000000000000e+001, 1.390734055959949e+003
 1.455000000000000e+001, 1.669246555674972e+003, 1.455000000000000e+001, 1.386864625439364e+003
 1.460000000000000e+001, 1.664992995937095e+003, 1.460000000000000e+001, 1.383001487253795e+003
 1.465000000000000e+001, 1.660744993155573e+003, 1.465000000000000e+001, 1.379144633023830e+003
 1.470000000000000e+001, 1.656502563795322e+003, 1.470000000000000e+001, 1.375294054363608e+003
 1.475000000000000e+001, 1.652265723860321e+003, 1.475000000000000e+001, 1.371449742881163e+003
 1.480000000000000e+001, 1.648034488901489e+003, 1.480000000000000e+001, 1.367611690178767e+003
 1.485000000000000e+001, 1.643808874024505e+003, 1.485000000000000e+001, 1.363779887853266e+003
 1.490000000000000e+001, 1.639588893897588e+003, 1.490000000000000e+001, 1.359954327496410e+003
 1.495000000000000e+001, 1.635374562758421e+003, 1.495000000000000e+001, 1.356135000695186e+003
 1.500000000000000e+001, 1.631165894422785e+003, 1.500000000000000e+001, 1.352321899032134e+003
 1.505000000000000e+001, 1.626962902292724e+003, 1.505000000000000e+001, 1.348515014085671e+003
 1.510000000000000e+001, 1.622765599362815e+003, 1.510000000000000e+001, 1.344714337430404e+003
 1.515000000000000e+001, 1.618573998226378e+003, 1.515000000000000e+001, 1.340919860637441e+003
 1.520000000000000e+001, 1.614388111082878e+003, 1.520000000000000e+001, 1.337131575274696e+003
 1.525000000000000e+001, 1.610207949745676e+003, 1.525000000000000e+001, 1.333349472907192e+003
 1.530000000000000e+001, 1.606033525649123e+003, 1.530000000000000e+001, 1.329573545097356e+003
 1.535000000000000e+001, 1.601864849854437e+003, 1.535000000000000e+001, 1.325803783405318e+003
 1.540000000000000e+001, 1.597701933056115e+003, 1.540000000000000e+001, 1.322040179389197e+003
 1.545000000000000e+001, 1.593544785588870e+003, 1.545000000000000e+001, 1.318282724605386e+003
 1.550000000000000e+001, 1.589393417434240e+003, 1.550000000000000e+001, 1.314531410608837e+003
 1.555000000000000e+001, 1.585247838226837e+003, 1.555000000000000e+001, 1.310786228953339e+003
 1.560000000000000e+001, 1.581108057260434e+003, 1.560000000000000e+001, 1.307047171191791e+003
 1.565000000000000e+001, 1.576974083494009e+003, 1.565000000000000e+001, 1.303314228876473e+003
 1.570000000000000e+001, 1.572845925557755e+003, 1.570000000000000e+001, 1.299587393559313e+003
 1.575000000000000e+001, 1.568723591758423e+003, 1.575000000000000e+001, 1.295866656792149e+003
 1.580000000000000e+001, 1.564607090085987e+003, 1.580000000000000e+001, 1.292152010126991e+003
 1.585000000000000e+001, 1.560496428219941e+003, 1.585000000000000e+001, 1.288443445116278e+003
 1.590000000000000e+001, 1.556391613534135e+003, 1.590000000000000e+001, 1.284740953313126e+003
 1.595000000000000e+001, 1.552292653101563e+003, 1.595000000000000e+001, 1.281044526271584e+003
 1.600000000000000e+001, 1.548199553700055e+003, 1.600000000000000e+001, 1.277354155546873e+003
 1.605000000000000e+001, 1.544112321818263e+003, 1.605000000000000e+001, 1.273669832695633e+003
 1.610000000000000e+001, 1.540030963661115e+003, 1.610000000000000e+001, 1.269991549276162e+003
 1.615000000000000e+001, 1.535955485154334e+003, 1.615000000000000e+001, 1.266319296848648e+003
 1.620000000000000e+001, 1.531885891949375e+003, 1.620000000000000e+001, 1.262653066975407e+003
 1.625000000000000e+001, 1.527822189428761e+003, 1.625000000000000e+001, 1.258992851221110e+003
 1.630000000000000e+001, 1.523764382711161e+003, 1.630000000000000e+001, 1.255338641153008e+003
 1.635000000000000e+001, 1.519712476656192e+003, 1.635000000000000e+001, 1.251690428341160e+003
 1.640000000000000e+001, 1.515666475869095e+003, 1.640000000000000e+001, 1.248048204358647e+003
 1.645000000000000e+001, 1.511626384705376e+003, 1.645000000000000e+001, 1.244411960781794e+003
 1.650000000000000e+001, 1.507592207275420e+003, 1.650000000000000e+001, 1.240781689190383e+003
 1.655000000000000e+001, 1.503563947448585e+003, 1.655000000000000e+001, 1.237157381167865e+003
 1.660000000000000e+001, 1.499541608858326e+003, 1.660000000000000e+001, 1.233539028301565e+003
 1.665000000000000e+001, 1.495525194907020e+003, 1.665000000000000e+001, 1.229926622182895e+003
 1.670000000000000e+001, 1.491514708769664e+003, 1.670000000000000e+001, 1.226320154407549e+003
 1.675000000000000e+001, 1.487510153397545e+003, 1.675000000000000e+001, 1.222719616575708e+003
 1.680000000000000e+001, 1.483511531522613e+003, 1.680000000000000e+001, 1.219125000292236e+003
 1.685000000000000e+001, 1.479518845662051e+003, 1.685000000000000e+001, 1.215536297166875e+003
 1.690000000000000e+001, 1.475532098122461e+003, 1.690000000000000e+001, 1.211953498814438e+003
 1.695000000000000e+001, 1.471551291003314e+003, 1.695000000000000e+001, 1.208376596854995e+003
 1.700000000000000e+001, 1.467576426200730e+003, 1.700000000000000e+001, 1.204805582914355e+003
 1.705000000000000e+001, 1.463607505411560e+003, 1.705000000000000e+001, 1.201240448624009e+003
 1.710000000000000e+001, 1.459644530137268e+003, 1.710000000000000e+001, 1.197681185620709e+003
 1.715000000000000e+001, 1.455687501687597e+003, 1.715000000000000e+001, 1.194127785547178e+003
 1.720000000000000e+001, 1.451736421184147e+003, 1.720000000000000e+001, 1.190580240052406e+003
 1.725000000000000e+001, 1.447791289563921e+003, 1.725000000000000e+001, 1.187038540791837e+003
 1.730000000000000e+001, 1.443852107582842e+003, 1.730000000000000e+001, 1.183502679427463e+003
 1.735000000000000e+001, 1.439918875818885e+003, 1.735000000000000e+001, 1.179972647627965e+003
 1.740000000000000e+001, 1.435991594675982e+003, 1.740000000000000e+001, 1.176448437068879e+003
 1.745000000000000e+001, 1.432070264387706e+003, 1.745000000000000e+001, 1.172930039432754e+003
 1.750000000000000e+001, 1.428154885020093e+003, 1.750000000000000e+001, 1.169417446409328e+003
 1.755000000000000e+001, 1.424245456474440e+003, 1.755000000000000e+001, 1.165910649695678e+003
 1.760000000000000e+001, 1.420341978490632e+003, 1.760000000000000e+001, 1.162409640996394e+003
 1.765000000000000e+001, 1.416444450650635e+003, 1.765000000000000e+001, 1.158914412023722e+003
 1.770000000000000e+001, 1.412552872381678e+003, 1.770000000000000e+001, 1.155424954497726e+003
 1.775000000000000e+001, 1.408667242958885e+003, 1.775000000000000e+001, 1.151941260146443e+003
 1.780000000000000e+001, 1.404787561508152e+003, 1.780000000000000e+001, 1.148463320706028e+003
 1.785000000000000e+001, 1.400913827009254e+003, 1.785000000000000e+001, 1.144991127920909e+003
 1.790000000000000e+001, 1.397046038298801e+003, 1.790000000000000e+001, 1.141524673543931e+003
 1.795000000000000e+001, 1.393184194073026e+003, 1.795000000000000e+001, 1.138063949336498e+003
 1.800000000000000e+001, 1.389328292890510e+003, 1.800000000000000e+001, 1.134608947068725e+003
 1.805000000000000e+001, 1.385478333174875e+003, 1.805000000000000e+001, 1.131159658519573e+003
 1.810000000000000e+001, 1.381634313217461e+003, 1.810000000000000e+001, 1.127716075476989e+003
 1.815000000000000e+001, 1.377796231179707e+003, 1.815000000000000e+001, 1.124278189738048e+003
 1.820000000000000e+001, 1.373964085096115e+003, 1.820000000000000e+001, 1.120845993109085e+003
 1.825000000000000e+001, 1.370137872877052e+003, 1.825000000000000e+001, 1.117419477405831e+003
 1.830000000000000e+001, 1.366317592310897e+003, 1.830000000000000e+001, 1.113998634453548e+003
 1.835000000000000e+001, 1.362503241066161e+003, 1.835000000000000e+001, 1.110583456087157e+003
 1.840000000000000e+001, 1.358694816694018e+003, 1.840000000000000e+001, 1.107173934151370e+003
 1.845000000000000e+001, 1.354892316630950e+003, 1.845000000000000e+001, 1.103770060500816e+003
 1.850000000000000e+001, 1.351095738201168e+003, 1.850000000000000e+001, 1.100371827000169e+003
 1.855000000000000e+001, 1.347305078618608e+003, 1.855000000000000e+001, 1.096979225524272e+003
 1.860000000000000e+001, 1.343520334989112e+003, 1.860000000000000e+001, 1.093592247958262e+003
 1.865000000000000e+001, 1.339741504312788e+003, 1.865000000000000e+001, 1.090210886197692e+003
 1.870000000000000e+001, 1.335968583486247e+003, 1.870000000000000e+001, 1.086835132148646e+003
 1.875000000000000e+001, 1.332201569304724e+003, 1.875000000000000e+001, 1.083464977727865e+003
 1.880000000000000e+001, 1.328440458464136e+003, 1.880000000000000e+001, 1.080100414862863e+003
 1.885000000000000e+001, 1.324685247563130e+003, 1.885000000000000e+001, 1.076741435492042e+003
 1.890000000000000e+001, 1.320935933105104e+003, 1.890000000000000e+001, 1.073388031564806e+003
 1.895000000000000e+001, 1.317192511500020e+003, 1.895000000000000e+001, 1.070040195041677e+003
 1.900000000000000e+001, 1.313454979066643e+003, 1.900000000000000e+001, 1.066697917894406e+003
 1.905000000000000e+001, 1.309723332034667e+003, 1.905000000000000e+001, 1.063361192106086e+003
 1.910000000000000e+001, 1.305997566546335e+003, 1.910000000000000e+001, 1.060030009671257e+003
 1.915000000000000e+001, 1.302277678658055e+003, 1.915000000000000e+001, 1.056704362596023e+003
 1.920000000000000e+001, 1.298563664342299e+003, 1.920000000000000e+001, 1.053384242898149e+003
 1.925000000000000e+001, 1.294855519489626e+003, 1.925000000000000e+001, 1.050069642607177e+003
 1.930000000000000e+001, 1.291153239910497e+003, 1.930000000000000e+001, 1.046760553764525e+003
 1.935000000000000e+001, 1.287456821336795e+003, 1.935000000000000e+001, 1.043456968423595e+003
 1.940000000000000e+001, 1.283766259423468e+003, 1.940000000000000e+001, 1.040158878649870e+003
 1.945000000000000e+001, 1.280081549750321e+003, 1.945000000000000e+001, 1.036866276521025e+003
 1.950000000000000e+001, 1.276402687823705e+003, 1.950000000000000e+001, 1.033579154127020e+003
 1.955000000000000e+001, 1.272729669078121e+003, 1.955000000000000e+001, 1.030297503570202e+003
 1.960000000000000e+001, 1.269062488877775e+003, 1.960000000000000e+001, 1.027021316965407e+003
 1.965000000000000e+001, 1.265401142518129e+003, 1.965000000000000e+001, 1.023750586440055e+003
 1.970000000000000e+001, 1.261745625227427e+003, 1.970000000000000e+001, 1.020485304134246e+003
 1.975000000000000e+001, 1.258095932168064e+003, 1.975000000000000e+001, 1.017225462200859e+003
 1.980000000000000e+001, 1.254452058438281e+003, 1.980000000000000e+001, 1.013971052805644e+003
 1.985000000000000e+001, 1.250813999073773e+003, 1.985000000000000e+001, 1.010722068127320e+003
 1.990000000000000e+001, 1.247181749048907e+003, 1.990000000000000e+001, 1.007478500357667e+003
 1.995000000000000e+001, 1.243555303277943e+003, 1.995000000000000e+001, 1.004240341701614e+003
 2.000000000000000e+001, 1.239934656616482e+003, 2.000000000000000e+001, 1.001007584377339e+003
 2.005000000000000e+001, 1.236319803862974e+003, 2.005000000000000e+001, 9.977802206163537e+002
 2.010000000000000e+001, 1.232710739760105e+003, 2.010000000000000e+001, 9.945582426635966e+002
 2.015000000000000e+001, 1.229107458995935e+003, 2.015000000000000e+001, 9.913416427775219e+002
 2.020000000000000e+001, 1.225509956205147e+003, 2.020000000000000e+001, 9.881304132301879e+002
 2.025000000000000e+001, 1.221918225970392e+003, 2.025000000000000e+001, 9.849245463073446e+002
 2.030000000000000e+001, 1.218332262823569e+003, 2.030000000000000e+001, 9.817240343085232e+002
 2.035000000000000e+001, 1.214752061247035e+003, 2.035000000000000e+001, 9.785288695471219e+002
 2.040000000000000e+001, 1.211177615674778e+003, 2.040000000000000e+001, 9.753390443504898e+002
 2.045000000000000e+001, 1.207608920493590e+003, 2.045000000000000e+001, 9.721545510600158e+002
 2.050000000000000e+001, 1.204045970044215e+003, 2.050000000000000e+001, 9.689753820312117e+002
 2.055000000000000e+001, 1.200488758622388e+003, 2.055000000000000e+001, 9.658015296337968e+002
 2.060000000000000e+001, 1.196937280480113e+003, 2.060000000000000e+001, 9.626329862517827e+002
 2.065000000000000e+001, 1.193391529826867e+003, 2.065000000000000e+001, 9.594697442835544e+002
 2.070000000000000e+001, 1.189851500830535e+003, 2.070000000000000e+001, 9.563117961419548e+002
 2.075000000000000e+001, 1.186317187618321e+003, 2.075000000000000e+001, 9.531591342543669e+002
 2.080000000000000e+001, 1.182788584277843e+003, 2.080000000000000e+001, 9.500117510627966e+002
 2.085000000000000e+001, 1.179265684858270e+003, 2.085000000000000e+001, 9.468696390239505e+002
 2.090000000000000e+001, 1.175748483371372e+003, 2.090000000000000e+001, 9.437327906093217e+002
 2.095000000000000e+001, 1.172236973792376e+003, 2.095000000000000e+001, 9.406011983052648e+002
 2.100000000000000e+001, 1.168731150060912e+003, 2.100000000000000e+001, 9.374748546130824e+002
 2.105000000000000e+001, 1.165231006082020e+003, 2.105000000000000e+001, 9.343537520490994e+002
 2.110000000000000e+001, 1.161736535727126e+003, 2.110000000000000e+001, 9.312378831447460e+002
 2.115000000000000e+001, 1.158247732834948e+003, 2.115000000000000e+001, 9.281272404466353e+002
 2.120000000000000e+001, 1.154764591212386e+003, 2.120000000000000e+001, 9.250218165166416e+002
 2.125000000000000e+001, 1.151287104635401e+003, 2.125000000000000e+001, 9.219216039319805e+002
 2.130000000000000e+001, 1.147815266849890e+003, 2.130000000000000e+001, 9.188265952852867e+002
 2.135000000000000e+001, 1.144349071572464e+003, 2.135000000000000e+001, 9.157367831846908e+002
 2.140000000000000e+001, 1.140888512491412e+003, 2.140000000000000e+001, 9.126521602538992e+002
 2.145000000000000e+001, 1.137433583267614e+003, 2.145000000000000e+001, 9.095727191322698e+002
 2.150000000000000e+001, 1.133984277535246e+003, 2.150000000000000e+001, 9.064984524748901e+002
 2.155000000000000e+001, 1.130540588902464e+003, 2.155000000000000e+001, 9.034293529526548e+002
 2.160000000000000e+001, 1.127102510952234e+003, 2.160000000000000e+001, 9.003654132523426e+002
 2.165000000000000e+001, 1.123670037243192e+003, 2.165000000000000e+001, 8.973066260766937e+002
 2.170000000000000e+001, 1.120243161310433e+003, 2.170000000000000e+001, 8.942529841444846e+002
 2.175000000000000e+001, 1.116821876666159e+003, 2.175000000000000e+001, 8.912044801906080e+002
 2.180000000000000e+001, 1.113406176800395e+003, 2.180000000000000e+001, 8.881611069661469e+002
 2.185000000000000e+001, 1.109996055181748e+003, 2.185000000000000e+001, 8.851228572384528e+002
 2.190000000000000e+001, 1.106591505258145e+003, 2.190000000000000e+001, 8.820897237912219e+002
 2.195000000000000e+001, 1.103192520457516e+003, 2.195000000000000e+001, 8.790616994245696e+002
 2.200000000000000e+001, 1.099799094188471e+003, 2.200000000000000e+001, 8.760387769551118e+002
 2.205000000000000e+001, 1.096411219840960e+003, 2.205000000000000e+001, 8.730209492160363e+002
 2.210000000000000e+001, 1.093028890786937e+003, 2.210000000000000e+001, 8.700082090571842e+002
 2.215000000000000e+001, 1.089652100380944e+003, 2.215000000000000e+001, 8.670005493451222e+002
 2.220000000000000e+001, 1.086280841960847e+003, 2.220000000000000e+001, 8.639979629632223e+002
 2.225000000000000e+001, 1.082915108848522e+003, 2.225000000000000e+001, 8.610004428117386e+002
 2.230000000000000e+001, 1.079554894350389e+003, 2.230000000000000e+001, 8.580079818078816e+002
 2.235000000000000e+001, 1.076200191757929e+003, 2.235000000000000e+001, 8.550205728859002e+002
 2.240000000000000e+001, 1.072850994348318e+003, 2.240000000000000e+001, 8.520382089971541e+002
 2.245000000000000e+001, 1.069507295385067e+003, 2.245000000000000e+001, 8.490608831101944e+002
 2.250000000000000e+001, 1.066169088118631e+003, 2.250000000000000e+001, 8.460885882108400e+002
 2.255000000000000e+001, 1.062836365786893e+003, 2.255000000000000e+001, 8.431213173022563e+002
 2.260000000000000e+001, 1.059509121615708e+003, 2.260000000000000e+001, 8.401590634050324e+002
 2.265000000000000e+001, 1.056187348819482e+003, 2.265000000000000e+001, 8.372018195572605e+002
 2.270000000000000e+001, 1.052871040601725e+003, 2.270000000000000e+001, 8.342495788146140e+002
 2.275000000000000e+001, 1.049560190155575e+003, 2.275000000000000e+001, 8.313023342504267e+002
 2.280000000000000e+001, 1.046254790664309e+003, 2.280000000000000e+001, 8.283600789557720e+002
 2.285000000000000e+001, 1.042954835301842e+003, 2.285000000000000e+001, 8.254228060395425e+002
 2.290000000000000e+001, 1.039660317233238e+003, 2.290000000000000e+001, 8.224905086285311e+002
 2.295000000000000e+001, 1.036371229615146e+003, 2.295000000000000e+001, 8.195631798675086e+002
 2.300000000000000e+001, 1.033087565596363e+003, 2.300000000000000e+001, 8.166408129193081e+002
 2.305000000000000e+001, 1.029809318318358e+003, 2.305000000000000e+001, 8.137234009649036e+002
 2.310000000000000e+001, 1.026536480915671e+003, 2.310000000000000e+001, 8.108109372034925e+002
 2.315000000000000e+001, 1.023269046516316e+003, 2.315000000000000e+001, 8.079034148525775e+002
 2.320000000000000e+001, 1.020007008242254e+003, 2.320000000000000e+001, 8.050008271480494e+002
 2.325000000000000e+001, 1.016750359209890e+003, 2.325000000000000e+001, 8.021031673442702e+002
 2.330000000000000e+001, 1.013499092530531e+003, 2.330000000000000e+001, 7.992104287141567e+002
 2.335000000000000e+001, 1.010253201310755e+003, 2.335000000000000e+001, 7.963226045492650e+002
 2.340000000000000e+001, 1.007012678652829e+003, 2.340000000000000e+001, 7.934396881569170e+002
 2.345000000000000e+001, 1.003777517655149e+003, 2.345000000000000e+001, 7.905616728661544e+002
 2.350000000000000e+001, 1.000547711412667e+003, 2.350000000000000e+001, 7.876885520276334e+002
 2.355000000000000e+001, 9.973232530172842e+002, 2.355000000000000e+001, 7.848203190096365e+002
 2.360000000000000e+001, 9.941041355582479e+002, 2.360000000000000e+001, 7.819569671979217e+002
 2.365000000000000e+001, 9.908903521225321e+002, 2.365000000000000e+001, 7.790984899970604e+002
 2.370000000000000e+001, 9.876818957952251e+002, 2.370000000000000e+001, 7.762448808312183e+002
 2.375000000000000e+001, 9.844787596598709e+002, 2.375000000000000e+001, 7.733961331442055e+002
 2.380000000000000e+001, 9.812809367988965e+002, 2.380000000000000e+001, 7.705522403993170e+002
 2.385000000000000e+001, 9.780884202940132e+002, 2.385000000000000e+001, 7.677131960793008e+002
 2.390000000000000e+001, 9.749012032265281e+002, 2.390000000000000e+001, 7.648789936864592e+002
 2.395000000000000e+001, 9.717192786776487e+002, 2.395000000000000e+001, 7.620496267427843e+002
 2.400000000000000e+001, 9.685426397288520e+002, 2.400000000000000e+001, 7.592250887900726e+002
 2.405000000000000e+001, 9.653712794622642e+002, 2.405000000000000e+001, 7.564053733900161e+002
 2.410000000000000e+001, 9.622051909610140e+002, 2.410000000000000e+001, 7.535904741242879e+002
 2.415000000000000e+001, 9.590443673095206e+002, 2.415000000000000e+001, 7.507803845946361e+002
 2.420000000000000e+001, 9.558888015938128e+002, 2.420000000000000e+001, 7.479750984229811e+002
 2.425000000000000e+001, 9.527384869018738e+002, 2.425000000000000e+001, 7.451746092515128e+002
 2.430000000000000e+001, 9.495934163239655e+002, 2.430000000000000e+001, 7.423789107427931e+002
 2.435000000000000e+001, 9.464535829529411e+002, 2.435000000000000e+001, 7.395879965798524e+002
 2.440000000000000e+001, 9.433189798845461e+002, 2.440000000000000e+001, 7.368018604662925e+002
 2.445000000000000e+001, 9.401896002177199e+002, 2.445000000000000e+001, 7.340204961263855e+002
 2.450000000000000e+001, 9.370654370548938e+002, 2.450000000000000e+001, 7.312438973051791e+002
 2.455000000000000e+001, 9.339464835022588e+002, 2.455000000000000e+001, 7.284720577685996e+002
 2.460000000000000e+001, 9.308327326700972e+002, 2.460000000000000e+001, 7.257049713035572e+002
 2.465000000000000e+001, 9.277241776730979e+002, 2.465000000000000e+001, 7.229426317180526e+002
 2.470000000000000e+001, 9.246208116305987e+002, 2.470000000000000e+001, 7.201850328412822e+002
 2.475000000000000e+001, 9.215226276668282e+002, 2.475000000000000e+001, 7.174321685237499e+002
 2.480000000000000e+001, 9.184296189111899e+002, 2.480000000000000e+001, 7.146840326373751e+002
 2.485000000000000e+001, 9.153417784985659e+002, 2.485000000000000e+001, 7.119406190756047e+002
 2.490000000000000e+001, 9.122590995695906e+002, 2.490000000000000e+001, 7.092019217535241e+002
 2.495000000000000e+001, 9.091815752708804e+002, 2.495000000000000e+001, 7.064679346079721e+002
 2.500000000000000e+001, 9.061091987552862e+002, 2.500000000000000e+001, 7.037386515976568e+002
 2.505000000000000e+001, 9.030419631821627e+002, 2.505000000000000e+001, 7.010140667032703e+002
 2.510000000000000e+001, 8.999798617176288e+002, 2.510000000000000e+001, 6.982941739276074e+002
 2.515000000000000e+001, 8.969228875348138e+002, 2.515000000000000e+001, 6.955789672956853e+002
 2.520000000000000e+001, 8.938710338140974e+002, 2.520000000000000e+001, 6.928684408548635e+002
 2.525000000000000e+001, 8.908242937433500e+002, 2.525000000000000e+001, 6.901625886749677e+002
 2.530000000000000e+001, 8.877826605181704e+002, 2.530000000000000e+001, 6.874614048484118e+002
 2.535000000000000e+001, 8.847461273420998e+002, 2.535000000000000e+001, 6.847648834903254e+002
 2.540000000000000e+001, 8.817146874268893e+002, 2.540000000000000e+001, 6.820730187386793e+002
 2.545000000000000e+001, 8.786883339927492e+002, 2.545000000000000e+001, 6.793858047544137e+002
 2.550000000000000e+001, 8.756670602685476e+002, 2.550000000000000e+001, 6.767032357215710e+002
 2.555000000000000e+001, 8.726508594920043e+002, 2.555000000000000e+001, 6.740253058474258e+002
 2.560000000000000e+001, 8.696397249099221e+002, 2.560000000000000e+001, 6.713520093626194e+002
 2.565000000000000e+001, 8.666336497784293e+002, 2.565000000000000e+001, 6.686833405212955e+002
 2.570000000000000e+001, 8.636326273632058e+002, 2.570000000000000e+001, 6.660192936012368e+002
 2.575000000000000e+001, 8.606366509396673e+002, 2.575000000000000e+001, 6.633598629040059e+002
 2.580000000000000e+001, 8.576457137931734e+002, 2.580000000000000e+001, 6.607050427550848e+002
 2.585000000000000e+001, 8.546598092192470e+002, 2.585000000000000e+001, 6.580548275040194e+002
 2.590000000000000e+001, 8.516789305237885e+002, 2.590000000000000e+001, 6.554092115245626e+002
 2.595000000000000e+001, 8.487030710232766e+002, 2.595000000000000e+001, 6.527681892148230e+002
 2.600000000000000e+001, 8.457322240449697e+002, 2.600000000000000e+001, 6.501317549974140e+002
 2.605000000000000e+001, 8.427663829271016e+002, 2.605000000000000e+001, 6.474999033196039e+002
 2.610000000000000e+001, 8.398055410190801e+002, 2.610000000000000e+001, 6.448726286534699e+002
 2.615000000000000e+001, 8.368496916816654e+002, 2.615000000000000e+001, 6.422499254960532e+002
 2.620000000000000e+001, 8.338988282871903e+002, 2.620000000000000e+001, 6.396317883695173e+002
 2.625000000000000e+001, 8.309529442197742e+002, 2.625000000000000e+001, 6.370182118213064e+002
 2.630000000000000e+001, 8.280120328754857e+002, 2.630000000000000e+001, 6.344091904243097e+002
 2.635000000000000e+001, 8.250760876625080e+002, 2.635000000000000e+001, 6.318047187770237e+002
 2.640000000000000e+001, 8.221451020013332e+002, 2.640000000000000e+001, 6.292047915037211e+002
 2.645000000000000e+001, 8.192190693249692e+002, 2.645000000000000e+001, 6.266094032546182e+002
 2.650000000000000e+001, 8.162979830791302e+002, 2.650000000000000e+001, 6.240185487060487e+002
 2.655000000000000e+001, 8.133818367223952e+002, 2.655000000000000e+001, 6.214322225606364e+002
 2.660000000000000e+001, 8.104706237263869e+002, 2.660000000000000e+001, 6.188504195474729e+002
 2.665000000000000e+001, 8.075643375759579e+002, 2.665000000000000e+001, 6.162731344222968e+002
 2.670000000000000e+001, 8.046629717693779e+002, 2.670000000000000e+001, 6.137003619676752e+002
 2.675000000000000e+001, 8.017665198185068e+002, 2.675000000000000e+001, 6.111320969931905e+002
 2.680000000000000e+001, 7.988749752489688e+002, 2.680000000000000e+001, 6.085683343356265e+002
 2.685000000000000e+001, 7.959883316003241e+002, 2.685000000000000e+001, 6.060090688591586e+002
 2.690000000000000e+001, 7.931065824262422e+002, 2.690000000000000e+001, 6.034542954555490e+002
 2.695000000000000e+001, 7.902297212946590e+002, 2.695000000000000e+001, 6.009040090443408e+002
 2.700000000000000e+001, 7.873577417879719e+002, 2.700000000000000e+001, 5.983582045730586e+002
 2.705000000000000e+001, 7.844906375032268e+002, 2.705000000000000e+001, 5.958168770174102e+002
 2.710000000000000e+001, 7.816284020522668e+002, 2.710000000000000e+001, 5.932800213814927e+002
 2.715000000000000e+001, 7.787710290618758e+002, 2.715000000000000e+001, 5.907476326980009e+002
 2.720000000000000e+001, 7.759185121739560e+002, 2.720000000000000e+001, 5.882197060284376e+002
 2.725000000000000e+001, 7.730708450457124e+002, 2.725000000000000e+001, 5.856962364633313e+002
 2.730000000000000e+001, 7.702280213498254e+002, 2.730000000000000e+001, 5.831772191224529e+002
 2.735000000000000e+001, 7.673900347745956e+002, 2.735000000000000e+001, 5.806626491550371e+002
 2.740000000000000e+001, 7.645568790241043e+002, 2.740000000000000e+001, 5.781525217400100e+002
 2.745000000000000e+001, 7.617285478183878e+002, 2.745000000000000e+001, 5.756468320862148e+002
 2.750000000000000e+001, 7.589050348936067e+002, 2.750000000000000e+001, 5.731455754326469e+002
 2.755000000000000e+001, 7.560863340022077e+002, 2.755000000000000e+001, 5.706487470486887e+002
 2.760000000000000e+001, 7.532724389130825e+002, 2.760000000000000e+001, 5.681563422343502e+002
 2.765000000000000e+001, 7.504633434117324e+002, 2.765000000000000e+001, 5.656683563205118e+002
 2.770000000000000e+001, 7.476590413004252e+002, 2.770000000000000e+001, 5.631847846691717e+002
 2.775000000000000e+001, 7.448595263983480e+002, 2.775000000000000e+001, 5.607056226736992e+002
 2.780000000000000e+001, 7.420647925417892e+002, 2.780000000000000e+001, 5.582308657590883e+002
 2.785000000000000e+001, 7.392748335843140e+002, 2.785000000000000e+001, 5.557605093822185e+002
 2.790000000000000e+001, 7.364896433969094e+002, 2.790000000000000e+001, 5.532945490321187e+002
 2.795000000000000e+001, 7.337092158681206e+002, 2.795000000000000e+001, 5.508329802302338e+002
 2.800000000000000e+001, 7.309335449042239e+002, 2.800000000000000e+001, 5.483757985306997e+002
 2.805000000000000e+001, 7.281626244294016e+002, 2.805000000000000e+001, 5.459229995206184e+002
 2.810000000000000e+001, 7.253964483859119e+002, 2.810000000000000e+001, 5.434745788203400e+002
 2.815000000000000e+001, 7.226350107342284e+002, 2.815000000000000e+001, 5.410305320837484e+002
 2.820000000000000e+001, 7.198783054532003e+002, 2.820000000000000e+001, 5.385908549985529e+002
 2.825000000000000e+001, 7.171263265402220e+002, 2.825000000000000e+001, 5.361555432865832e+002
 2.830000000000000e+001, 7.143790680114009e+002, 2.830000000000000e+001, 5.337245927040898e+002
 2.835000000000000e+001, 7.116365239017185e+002, 2.835000000000000e+001, 5.312979990420496e+002
 2.840000000000000e+001, 7.088986882651898e+002, 2.840000000000000e+001, 5.288757581264766e+002
 2.845000000000000e+001, 7.061655551750257e+002, 2.845000000000000e+001, 5.264578658187368e+002
 2.850000000000000e+001, 7.034371187237974e+002, 2.850000000000000e+001, 5.240443180158699e+002
 2.855000000000000e+001, 7.007133730235836e+002, 2.855000000000000e+001, 5.216351106509152e+002
 2.860000000000000e+001, 6.979943122061596e+002, 2.860000000000000e+001, 5.192302396932441e+002
 2.865000000000000e+001, 6.952799304231787e+002, 2.865000000000000e+001, 5.168297011488965e+002
 2.870000000000000e+001, 6.925702218463154e+002, 2.870000000000000e+001, 5.144334910609235e+002
 2.875000000000000e+001, 6.898651806674130e+002, 2.875000000000000e+001, 5.120416055097386e+002
 2.880000000000000e+001, 6.871648010986576e+002, 2.880000000000000e+001, 5.096540406134696e+002
 2.885000000000000e+001, 6.844690773727637e+002, 2.885000000000000e+001, 5.072707925283213e+002
 2.890000000000000e+001, 6.817780037431476e+002, 2.890000000000000e+001, 5.048918574489420e+002
 2.895000000000000e+001, 6.790915744840779e+002, 2.895000000000000e+001, 5.025172316087961e+002
 2.900000000000000e+001, 6.764097838908430e+002, 2.900000000000000e+001, 5.001469112805449e+002
 2.905000000000000e+001, 6.737326262799307e+002, 2.905000000000000e+001, 4.977808927764320e+002
 2.910000000000000e+001, 6.710600959892074e+002, 2.910000000000000e+001, 4.954191724486767e+002
 2.915000000000000e+001, 6.683921873780882e+002, 2.915000000000000e+001, 4.930617466898725e+002
 2.920000000000000e+001, 6.657288948277109e+002, 2.920000000000000e+001, 4.907086119333949e+002
 2.925000000000000e+001, 6.630702127411097e+002, 2.925000000000000e+001, 4.883597646538146e+002
 2.930000000000000e+001, 6.604161355433927e+002, 2.930000000000000e+001, 4.860152013673180e+002
 2.935000000000000e+001, 6.577666576819199e+002, 2.935000000000000e+001, 4.836749186321353e+002
 2.940000000000000e+001, 6.551217736264839e+002, 2.940000000000000e+001, 4.813389130489769e+002
 2.945000000000000e+001, 6.524814778694898e+002, 2.945000000000000e+001, 4.790071812614758e+002
 2.950000000000000e+001, 6.498457649261381e+002, 2.950000000000000e+001, 4.766797199566391e+002
 2.955000000000000e+001, 6.472146293346086e+002, 2.955000000000000e+001, 4.743565258653072e+002
 2.960000000000000e+001, 6.445880656562446e+002, 2.960000000000000e+001, 4.720375957626206e+002
 2.965000000000000e+001, 6.419660684757413e+002, 2.965000000000000e+001, 4.697229264684960e+002
 2.970000000000000e+001, 6.393486324013327e+002, 2.970000000000000e+001, 4.674125148481085e+002
 2.975000000000000e+001, 6.367357520649830e+002, 2.975000000000000e+001, 4.651063578123862e+002
 2.980000000000000e+001, 6.341274221225780e+002, 2.980000000000000e+001, 4.628044523185101e+002
 2.985000000000000e+001, 6.315236372541194e+002, 2.985000000000000e+001, 4.605067953704253e+002
 2.990000000000000e+001, 6.289243921639188e+002, 2.990000000000000e+001, 4.582133840193598e+002
 2.995000000000000e+001, 6.263296815807967e+002, 2.995000000000000e+001, 4.559242153643528e+002
 3.000000000000000e+001, 6.237395002582811e+002, 3.000000000000000e+001, 4.536392865527947e+002
 3.005000000000000e+001, 6.211538429748094e+002, 3.005000000000000e+001, 4.513585947809734e+002
 3.010000000000000e+001, 6.185727045339312e+002, 3.010000000000000e+001, 4.490821372946335e+002
 3.015000000000000e+001, 6.159960797645140e+002, 3.015000000000000e+001, 4.468099113895438e+002
 3.020000000000000e+001, 6.134239635209515e+002, 3.020000000000000e+001, 4.445419144120759e+002
 3.025000000000000e+001, 6.108563506833733e+002, 3.025000000000000e+001, 4.422781437597935e+002
 3.030000000000000e+001, 6.082932361578571e+002, 3.030000000000000e+001, 4.400185968820521e+002
 3.035000000000000e+001, 6.057346148766437e+002, 3.035000000000000e+001, 4.377632712806103e+002
 3.040000000000000e+001, 6.031804817983540e+002, 3.040000000000000e+001, 4.355121645102511e+002
 3.045000000000000e+001, 6.006308319082078e+002, 3.045000000000000e+001, 4.332652741794161e+002
 3.050000000000000e+001, 5.980856602182481e+002, 3.050000000000000e+001, 4.310225979508510e+002
 3.055000000000000e+001, 5.955449617675639e+002, 3.055000000000000e+001, 4.287841335422631e+002
 3.060000000000000e+001, 5.930087316225182e+002, 3.060000000000000e+001, 4.265498787269895e+002
 3.065000000000000e+001, 5.904769648769792e+002, 3.065000000000000e+001, 4.243198313346814e+002
 3.070000000000000e+001, 5.879496566525514e+002, 3.070000000000000e+001, 4.220939892519968e+002
 3.075000000000000e+001, 5.854268020988143e+002, 3.075000000000000e+001, 4.198723504233098e+002
 3.080000000000000e+001, 5.829083963935589e+002, 3.080000000000000e+001, 4.176549128514309e+002
 3.085000000000000e+001, 5.803944347430310e+002, 3.085000000000000e+001, 4.154416745983428e+002
 3.090000000000000e+001, 5.778849123821763e+002, 3.090000000000000e+001, 4.132326337859479e+002
 3.095000000000000e+001, 5.753798245748875e+002, 3.095000000000000e+001, 4.110277885968312e+002
 3.100000000000000e+001, 5.728791666142571e+002, 3.100000000000000e+001, 4.088271372750392e+002
 3.105000000000000e+001, 5.703829338228322e+002, 3.105000000000000e+001, 4.066306781268702e+002
 3.110000000000000e+001, 5.678911215528717e+002, 3.110000000000000e+001, 4.044384095216825e+002
 3.115000000000000e+001, 5.654037251866096e+002, 3.115000000000000e+001, 4.022503298927174e+002
 3.120000000000000e+001, 5.629207401365180e+002, 3.120000000000000e+001, 4.000664377379368e+002
 3.125000000000000e+001, 5.604421618455784e+002, 3.125000000000000e+001, 3.978867316208786e+002
 3.130000000000000e+001, 5.579679857875537e+002, 3.130000000000000e+001, 3.957112101715280e+002
 3.135000000000000e+001, 5.554982074672638e+002, 3.135000000000000e+001, 3.935398720872055e+002
 3.140000000000000e+001, 5.530328224208670e+002, 3.140000000000000e+001, 3.913727161334713e+002
 3.145000000000000e+001, 5.505718262161436e+002, 3.145000000000000e+001, 3.892097411450494e+002
 3.150000000000000e+001, 5.481152144527847e+002, 3.150000000000000e+001, 3.870509460267684e+002
 3.155000000000000e+001, 5.456629827626850e+002, 3.155000000000000e+001, 3.848963297545200e+002
 3.160000000000000e+001, 5.432151268102396e+002, 3.160000000000000e+001, 3.827458913762379e+002
 3.165000000000000e+001, 5.407716422926444e+002, 3.165000000000000e+001, 3.805996300128953e+002
 3.170000000000000e+001, 5.383325249402025e+002, 3.170000000000000e+001, 3.784575448595209e+002
 3.175000000000000e+001, 5.358977705166341e+002, 3.175000000000000e+001, 3.763196351862378e+002
 3.180000000000000e+001, 5.334673748193912e+002, 3.180000000000000e+001, 3.741859003393196e+002
 3.185000000000000e+001, 5.310413336799774e+002, 3.185000000000000e+001, 3.720563397422703e+002
 3.190000000000000e+001, 5.286196429642718e+002, 3.190000000000000e+001, 3.699309528969241e+002
 3.195000000000000e+001, 5.262022985728580e+002, 3.195000000000000e+001, 3.678097393845678e+002
 3.200000000000000e+001, 5.237892964413593e+002, 3.200000000000000e+001, 3.656926988670851e+002
 3.205000000000000e+001, 5.213806325407776e+002, 3.205000000000000e+001, 3.635798310881260e+002
 3.210000000000000e+001, 5.189763028778373e+002, 3.210000000000000e+001, 3.614711358742960e+002
 3.215000000000000e+001, 5.165763034953372e+002, 3.215000000000000e+001, 3.593666131363731e+002
 3.220000000000000e+001, 5.141806304725041e+002, 3.220000000000000e+001, 3.572662628705469e+002
 3.225000000000000e+001, 5.117892799253552e+002, 3.225000000000000e+001, 3.551700851596850e+002
 3.230000000000000e+001, 5.094022480070643e+002, 3.230000000000000e+001, 3.530780801746223e+002
 3.235000000000000e+001, 5.070195309083347e+002, 3.235000000000000e+001, 3.509902481754798e+002
 3.240000000000000e+001, 5.046411248577781e+002, 3.240000000000000e+001, 3.489065895130090e+002
 3.245000000000000e+001, 5.022670261222980e+002, 3.245000000000000e+001, 3.468271046299625e+002
 3.250000000000000e+001, 4.998972310074830e+002, 3.250000000000000e+001, 3.447517940624963e+002
 3.255000000000000e+001, 4.975317358580013e+002, 3.255000000000000e+001, 3.426806584415970e+002
 3.260000000000000e+001, 4.951705370580059e+002, 3.260000000000000e+001, 3.406136984945418e+002
 3.265000000000000e+001, 4.928136310315457e+002, 3.265000000000000e+001, 3.385509150463878e+002
 3.270000000000000e+001, 4.904610142429804e+002, 3.270000000000000e+001, 3.364923090214910e+002
 3.275000000000000e+001, 4.881126831974072e+002, 3.275000000000000e+001, 3.344378814450590e+002
 3.280000000000000e+001, 4.857686344410889e+002, 3.280000000000000e+001, 3.323876334447351e+002
 3.285000000000000e+001, 4.834288645618935e+002, 3.285000000000000e+001, 3.303415662522152e+002
 3.290000000000000e+001, 4.810933701897412e+002, 3.290000000000000e+001, 3.282996812049017e+002
 3.295000000000000e+001, 4.787621479970542e+002, 3.295000000000000e+001, 3.262619797475868e+002
 3.300000000000000e+001, 4.764351946992207e+002, 3.300000000000000e+001, 3.242284634341777e+002
 3.305000000000000e+001, 4.741125070550605e+002, 3.305000000000000e+001, 3.221991339294534e+002
 3.310000000000000e+001, 4.717940818673023e+002, 3.310000000000000e+001, 3.201739930108613e+002
 3.315000000000000e+001, 4.694799159830706e+002, 3.315000000000000e+001, 3.181530425703531e+002
 3.320000000000000e+001, 4.671700062943746e+002, 3.320000000000000e+001, 3.161362846162566e+002
 3.325000000000000e+001, 4.648643497386129e+002, 3.325000000000000e+001, 3.141237212751914e+002
 3.330000000000000e+001, 4.625629432990817e+002, 3.330000000000000e+001, 3.121153547940230e+002
 3.335000000000000e+001, 4.602657840054936e+002, 3.335000000000000e+001, 3.101111875418606e+002
 3.340000000000000e+001, 4.579728689345077e+002, 3.340000000000000e+001, 3.081112220120982e+002
 3.345000000000000e+001, 4.556841952102634e+002, 3.345000000000000e+001, 3.061154608244984e+002
 3.350000000000000e+001, 4.533997600049302e+002, 3.350000000000000e+001, 3.041239067273238e+002
 3.355000000000000e+001, 4.511195605392613e+002, 3.355000000000000e+001, 3.021365625995125e+002
 3.360000000000000e+001, 4.488435940831611e+002, 3.360000000000000e+001, 3.001534314529033e+002
 3.365000000000000e+001, 4.465718579562619e+002, 3.365000000000000e+001, 2.981745164345085e+002
 3.370000000000000e+001, 4.443043495285073e+002, 3.370000000000000e+001, 2.961998208288359e+002
 3.375000000000000e+001, 4.420410662207525e+002, 3.375000000000000e+001, 2.942293480602655e+002
 3.380000000000000e+001, 4.397820055053695e+002, 3.380000000000000e+001, 2.922631016954729e+002
 3.385000000000000e+001, 4.375271649068656e+002, 3.385000000000000e+001, 2.903010854459118e+002
 3.390000000000000e+001, 4.352765420025147e+002, 3.390000000000000e+001, 2.883433031703500e+002
 3.395000000000000e+001, 4.330301344229959e+002, 3.395000000000000e+001, 2.863897588774594e+002
 3.400000000000000e+001, 4.307879398530481e+002, 3.400000000000000e+001, 2.844404567284678e+002
 3.405000000000000e+001, 4.285499560321331e+002, 3.405000000000000e+001, 2.824954010398669e+002
 3.410000000000000e+001, 4.263161807551121e+002, 3.410000000000000e+001, 2.805545962861827e+002
 3.415000000000000e+001, 4.240866118729371e+002, 3.415000000000000e+001, 2.786180471028085e+002
 3.420000000000000e+001, 4.218612472933489e+002, 3.420000000000000e+001, 2.766857582888999e+002
 3.425000000000000e+001, 4.196400849815957e+002, 3.425000000000000e+001, 2.747577348103379e+002
 3.430000000000000e+001, 4.174231229611576e+002, 3.430000000000000e+001, 2.728339818027567e+002
 3.435000000000000e+001, 4.152103593144899e+002, 3.435000000000000e+001, 2.709145045746419e+002
 3.440000000000000e+001, 4.130017921837784e+002, 3.440000000000000e+001, 2.689993086104998e+002
 3.445000000000000e+001, 4.107974197717078e+002, 3.445000000000000e+001, 2.670883995740959e+002
 3.450000000000000e+001, 4.085972403422468e+002, 3.450000000000000e+001, 2.651817833117725e+002
 3.455000000000000e+001, 4.064012522214452e+002, 3.455000000000000e+001, 2.632794658558371e+002
 3.460000000000000e+001, 4.042094537982487e+002, 3.460000000000000e+001, 2.613814534280331e+002
 3.465000000000000e+001, 4.020218435253279e+002, 3.465000000000000e+001, 2.594877524430891e+002
 3.470000000000000e+001, 3.998384199199221e+002, 3.470000000000000e+001, 2.575983695123478e+002
 3.475000000000000e+001, 3.976591815647016e+002, 3.475000000000000e+001, 2.557133114474839e+002
 3.480000000000000e+001, 3.954841271086439e+002, 3.480000000000000e+001, 2.538325852643032e+002
 3.485000000000000e+001, 3.933132552679279e+002, 3.485000000000000e+001, 2.519561981866333e+002
 3.490000000000000e+001, 3.911465648268469e+002, 3.490000000000000e+001, 2.500841576503054e+002
 3.495000000000000e+001, 3.889840546387348e+002, 3.495000000000000e+001, 2.482164713072253e+002
 3.500000000000000e+001, 3.868257236269163e+002, 3.500000000000000e+001, 2.463531470295454e+002
 3.505000000000000e+001, 3.846715707856689e+002, 3.505000000000000e+001, 2.444941929139290e+002
 3.510000000000000e+001, 3.825215951812089e+002, 3.510000000000000e+001, 2.426396172859185e+002
 3.515000000000000e+001, 3.803757959526951e+002, 3.515000000000000e+001, 2.407894287044069e+002
 3.520000000000000e+001, 3.782341723132498e+002, 3.520000000000000e+001, 2.389436359662108e+002
 3.525000000000000e+001, 3.760967235510041e+002, 3.525000000000000e+001, 2.371022481107570e+002
 3.530000000000000e+001, 3.739634490301596e+002, 3.530000000000000e+001, 2.352652744248753e+002
 3.535000000000000e+001, 3.718343481920736e+002, 3.535000000000000e+001, 2.334327244477086e+002
 3.540000000000000e+001, 3.697094205563661e+002, 3.540000000000000e+001, 2.316046079757385e+002
 3.545000000000000e+001, 3.675886657220461e+002, 3.545000000000000e+001, 2.297809350679297e+002
 3.550000000000000e+001, 3.654720833686646e+002, 3.550000000000000e+001, 2.279617160509997e+002
 3.555000000000000e+001, 3.633596732574852e+002, 3.555000000000000e+001, 2.261469615248113e+002
 3.560000000000000e+001, 3.612514352326826e+002, 3.560000000000000e+001, 2.243366823678964e+002
 3.565000000000000e+001, 3.591473692225652e+002, 3.565000000000000e+001, 2.225308897431133e+002
 3.570000000000000e+001, 3.570474752408180e+002, 3.570000000000000e+001, 2.207295951034351e+002
 3.575000000000000e+001, 3.549517533877760e+002, 3.575000000000000e+001, 2.189328101978838e+002
 3.580000000000000e+001, 3.528602038517194e+002, 3.580000000000000e+001, 2.171405470776018e+002
 3.585000000000000e+001, 3.507728269101971e+002, 3.585000000000000e+001, 2.153528181020723e+002
 3.590000000000000e+001, 3.486896229313782e+002, 3.590000000000000e+001, 2.135696359454904e+002
 3.595000000000000e+001, 3.466105923754272e+002, 3.595000000000000e+001, 2.117910136032859e+002
 3.600000000000000e+001, 3.445357357959127e+002, 3.600000000000000e+001, 2.100169643988063e+002
 3.605000000000000e+001, 3.424650538412402e+002, 3.605000000000000e+001, 2.082475019901591e+002
 3.610000000000000e+001, 3.403985472561177e+002, 3.610000000000000e+001, 2.064826403772215e+002
 3.615000000000000e+001, 3.383362168830516e+002, 3.615000000000000e+001, 2.047223939088206e+002
 3.620000000000000e+001, 3.362780636638700e+002, 3.620000000000000e+001, 2.029667772900845e+002
 3.625000000000000e+001, 3.342240886412838e+002, 3.625000000000000e+001, 2.012158055899763e+002
 3.630000000000000e+001, 3.321742929604737e+002, 3.630000000000000e+001, 1.994694942490064e+002
 3.635000000000000e+001, 3.301286778707157e+002, 3.635000000000000e+001, 1.977278590871349e+002
 3.640000000000000e+001, 3.280872447270389e+002, 3.640000000000000e+001, 1.959909163118660e+002
 3.645000000000000e+001, 3.260499949919163e+002, 3.645000000000000e+001, 1.942586825265359e+002
 3.650000000000000e+001, 3.240169302369956e+002, 3.650000000000000e+001, 1.925311747388060e+002
 3.655000000000000e+001, 3.219880521448617e+002, 3.655000000000000e+001, 1.908084103693577e+002
 3.660000000000000e+001, 3.199633625108401e+002, 3.660000000000000e+001, 1.890904072608015e+002
 3.665000000000000e+001, 3.179428632448384e+002, 3.665000000000000e+001, 1.873771836868010e+002
 3.670000000000000e+001, 3.159265563732251e+002, 3.670000000000000e+001, 1.856687583614158e+002
 3.675000000000000e+001, 3.139144440407512e+002, 3.675000000000000e+001, 1.839651504486738e+002
 3.680000000000000e+001, 3.119065285125104e+002, 3.680000000000000e+001, 1.822663795723708e+002
 3.685000000000000e+001, 3.099028121759439e+002, 3.685000000000000e+001, 1.805724658261098e+002
 3.690000000000000e+001, 3.079032975428880e+002, 3.690000000000000e+001, 1.788834297835799e+002
 3.695000000000000e+001, 3.059079872516639e+002, 3.695000000000000e+001, 1.771992925090826e+002
 3.700000000000000e+001, 3.039168840692166e+002, 3.700000000000000e+001, 1.755200755683114e+002
 3.705000000000000e+001, 3.019299908932968e+002, 3.705000000000000e+001, 1.738458010393871e+002
 3.710000000000000e+001, 2.999473107546923e+002, 3.710000000000000e+001, 1.721764915241584e+002
 3.715000000000000e+001, 2.979688468195092e+002, 3.715000000000000e+001, 1.705121701597707e+002
 3.720000000000000e+001, 2.959946023914999e+002, 3.720000000000000e+001, 1.688528606305077e+002
 3.725000000000000e+001, 2.940245809144464e+002, 3.725000000000000e+001, 1.671985871799149e+002
 3.730000000000000e+001, 2.920587859745928e+002, 3.730000000000000e+001, 1.655493746232058e+002
 3.735000000000000e+001, 2.900972213031329e+002, 3.735000000000000e+001, 1.639052483599602e+002
 3.740000000000000e+001, 2.881398907787553e+002, 3.740000000000000e+001, 1.622662343871187e+002
 3.745000000000000e+001, 2.861867984302402e+002, 3.745000000000000e+001, 1.606323593122762e+002
 3.750000000000000e+001, 2.842379484391192e+002, 3.750000000000000e+001, 1.590036503672852e+002
 3.755000000000000e+001, 2.822933451423907e+002, 3.755000000000000e+001, 1.573801354221666e+002
 3.760000000000000e+001, 2.803529930352983e+002, 3.760000000000000e+001, 1.557618429993410e+002
 3.765000000000000e+001, 2.784168967741724e+002, 3.765000000000000e+001, 1.541488022881795e+002
 3.770000000000000e+001, 2.764850611793328e+002, 3.770000000000000e+001, 1.525410431598797e+002
 3.775000000000000e+001, 2.745574912380603e+002, 3.775000000000000e+001, 1.509385961826752e+002
 3.780000000000000e+001, 2.726341921076330e+002, 3.780000000000000e+001, 1.493414926373764e+002
 3.785000000000000e+001, 2.707151691184330e+002, 3.785000000000000e+001, 1.477497645332530e+002
 3.790000000000000e+001, 2.688004277771248e+002, 3.790000000000000e+001, 1.461634446242576e+002
 3.795000000000000e+001, 2.668899737699023e+002, 3.795000000000000e+001, 1.445825664255942e+002
 3.800000000000000e+001, 2.649838129658157e+002, 3.800000000000000e+001, 1.430071642306382e+002
 3.805000000000000e+001, 2.630819514201698e+002, 3.805000000000000e+001, 1.414372731282030e+002
 3.810000000000000e+001, 2.611843953780031e+002, 3.810000000000000e+001, 1.398729290201635e+002
 3.815000000000000e+001, 2.592911512776469e+002, 3.815000000000000e+001, 1.383141686394328e+002
 3.820000000000000e+001, 2.574022257543651e+002, 3.820000000000000e+001, 1.367610295682916e+002
 3.825000000000000e+001, 2.555176256440812e+002, 3.825000000000000e+001, 1.352135502570769e+002
 3.830000000000000e+001, 2.536373579871877e+002, 3.830000000000000e+001, 1.336717700432208e+002
 3.835000000000000e+001, 2.517614300324476e+002, 3.835000000000000e+001, 1.321357291706450e+002
 3.840000000000000e+001, 2.498898492409865e+002, 3.840000000000000e+001, 1.306054688075953e+002
 3.845000000000000e+001, 2.480226232903746e+002, 3.845000000000000e+001, 1.290810310695035e+002
 3.850000000000000e+001, 2.461597600788100e+002, 3.850000000000000e+001, 1.275624590414066e+002
 3.855000000000000e+001, 2.443012677293945e+002, 3.855000000000000e+001, 1.260497967962590e+002
 3.860000000000000e+001, 2.424471545945128e+002, 3.860000000000000e+001, 1.245430894136016e+002
 3.865000000000000e+001, 2.405974292603159e+002, 3.865000000000000e+001, 1.230423830017555e+002
 3.870000000000000e+001, 2.387521005513071e+002, 3.870000000000000e+001, 1.215477247216755e+002
 3.875000000000000e+001, 2.369111775350399e+002, 3.875000000000000e+001, 1.200591628097498e+002
 3.880000000000000e+001, 2.350746695269242e+002, 3.880000000000000e+001, 1.185767465976418e+002
 3.885000000000000e+001, 2.332425860951485e+002, 3.885000000000000e+001, 1.171005265343467e+002
 3.890000000000000e+001, 2.314149370657197e+002, 3.890000000000000e+001, 1.156305542102848e+002
 3.895000000000000e+001, 2.295917325276204e+002, 3.895000000000000e+001, 1.141668823809922e+002
 3.900000000000000e+001, 2.277729828380924e+002, 3.900000000000000e+001, 1.127095649902248e+002
 3.905000000000000e+001, 2.259586986280433e+002, 3.905000000000000e+001, 1.112586571930733e+002
 3.910000000000000e+001, 2.241488908075856e+002, 3.910000000000000e+001, 1.098142153794182e+002
 3.915000000000000e+001, 2.223435705717068e+002, 3.915000000000000e+001, 1.083762971976620e+002
 3.920000000000000e+001, 2.205427494060755e+002, 3.920000000000000e+001, 1.069449615762562e+002
 3.925000000000000e+001, 2.187464390929889e+002, 3.925000000000000e+001, 1.055202687509340e+002
 3.930000000000000e+001, 2.169546517174609e+002, 3.930000000000000e+001, 1.041022802909767e+002
 3.935000000000000e+001, 2.151673996734586e+002, 3.935000000000000e+001, 1.026910591199897e+002
 3.940000000000000e+001, 2.133846956702904e+002, 3.940000000000000e+001, 1.012866695365775e+002
 3.945000000000000e+001, 2.116065527391446e+002, 3.945000000000000e+001, 9.988917723880091e+001
 3.950000000000000e+001, 2.098329842397910e+002, 3.950000000000000e+001, 9.849864935002701e+001
 3.955000000000000e+001, 2.080640038674399e+002, 3.955000000000000e+001, 9.711515444286495e+001
 3.960000000000000e+001, 2.062996256597708e+002, 3.960000000000000e+001, 9.573876255902444e+001
 3.965000000000000e+001, 2.045398640041304e+002, 3.965000000000000e+001, 9.436954523085232e+001
 3.970000000000000e+001, 2.027847336449031e+002, 3.970000000000000e+001, 9.300757550436454e+001
 3.975000000000000e+001, 2.010342496910642e+002, 3.975000000000000e+001, 9.165292796098339e+001
 3.980000000000000e+001, 1.992884276239125e+002, 3.980000000000000e+001, 9.030567873763691e+001
 3.985000000000000e+001, 1.975472833049926e+002, 3.985000000000000e+001, 8.896590554580661e+001
 3.990000000000000e+001, 1.958108329842101e+002, 3.990000000000000e+001, 8.763368768980664e+001
 3.995000000000000e+001, 1.940790933081408e+002, 3.995000000000000e+001, 8.630910608413976e+001
 4.000000000000000e+001, 1.923520813285460e+002, 4.000000000000000e+001, 8.499224326964807e+001
 4.005000000000000e+001, 1.906298145110891e+002, 4.005000000000000e+001, 8.368318342823018e+001
 4.010000000000000e+001, 1.889123107442674e+002, 4.010000000000000e+001, 8.238201239597262e+001
 4.015000000000000e+001, 1.871995883485597e+002, 4.015000000000000e+001, 8.108881767454774e+001
 4.020000000000000e+001, 1.854916660857927e+002, 4.020000000000000e+001, 7.980368844070188e+001
 4.025000000000000e+001, 1.837885631687376e+002, 4.025000000000000e+001, 7.852671555364164e+001
 4.030000000000000e+001, 1.820902992709348e+002, 4.030000000000000e+001, 7.725799156009883e+001
 4.035000000000000e+001, 1.803968945367577e+002, 4.035000000000000e+001, 7.599761069685457e+001
 4.040000000000000e+001, 1.787083695917190e+002, 4.040000000000000e+001, 7.474566889048586e+001
 4.045000000000000e+001, 1.770247455530217e+002, 4.045000000000000e+001, 7.350226375408367e+001
 4.050000000000000e+001, 1.753460440403666e+002, 4.050000000000000e+001, 7.226749458068433e+001
 4.055000000000000e+001, 1.736722871870153e+002, 4.055000000000000e+001, 7.104146233313112e+001
 4.060000000000000e+001, 1.720034976511185e+002, 4.060000000000000e+001, 6.982426963007865e+001
 4.065000000000000e+001, 1.703396986273135e+002, 4.065000000000000e+001, 6.861602072783097e+001
 4.070000000000000e+001, 1.686809138585951e+002, 4.070000000000000e+001, 6.741682149769206e+001
 4.075000000000000e+001, 1.670271676484688e+002, 4.075000000000000e+001, 6.622677939849707e+001
 4.080000000000000e+001, 1.653784848733872e+002, 4.080000000000000e+001, 6.504600344397120e+001
 4.085000000000000e+001, 1.637348909954794e+002, 4.085000000000000e+001, 6.387460416455845e+001
 4.090000000000000e+001, 1.620964120755771e+002, 4.090000000000000e+001, 6.271269356334371e+001
 4.095000000000000e+001, 1.604630747865394e+002, 4.095000000000000e+001, 6.156038506568127e+001
 4.100000000000000e+001, 1.588349064268891e+002, 4.100000000000000e+001, 6.041779346213673e+001
 4.105000000000000e+001, 1.572119349347564e+002, 4.105000000000000e+001, 5.928503484433237e+001
 4.110000000000000e+001, 1.555941889021436e+002, 4.110000000000000e+001, 5.816222653328743e+001
 4.115000000000000e+001, 1.539816975895098e+002, 4.115000000000000e+001, 5.704948699983330e+001
 4.120000000000000e+001, 1.523744909406819e+002, 4.120000000000000e+001, 5.594693577668195e+001
 4.125000000000000e+001, 1.507725995980984e+002, 4.125000000000000e+001, 5.485469336173004e+001
 4.130000000000000e+001, 1.491760549183857e+002, 4.130000000000000e+001, 5.377288111217642e+001
 4.135000000000000e+001, 1.475848889882760e+002, 4.135000000000000e+001, 5.270162112904570e+001
 4.140000000000000e+001, 1.459991346408679e+002, 4.140000000000000e+001, 5.164103613171503e+001
 4.145000000000000e+001, 1.444188254722303e+002, 4.145000000000000e+001, 5.059124932205737e+001
 4.150000000000000e+001, 1.428439958583592e+002, 4.150000000000000e+001, 4.955238424418810e+001
 4.155000000000000e+001, 1.412746809724816e+002, 4.155000000000000e+001, 4.852456463339519e+001
 4.160000000000000e+001, 1.397109168027155e+002, 4.160000000000000e+001, 4.750791418731443e+001
 4.165000000000000e+001, 1.381527401700838e+002, 4.165000000000000e+001, 4.650255643094286e+001
 4.170000000000000e+001, 1.366001887468812e+002, 4.170000000000000e+001, 4.550861453818720e+001
 4.175000000000000e+001, 1.350533010753997e+002, 4.175000000000000e+001, 4.452621112329371e+001
 4.180000000000000e+001, 1.335121165870044e+002, 4.180000000000000e+001, 4.355546801810200e+001
 4.185000000000000e+001, 1.319766756215643e+002, 4.185000000000000e+001, 4.259650603973790e+001
 4.190000000000000e+001, 1.304470194472341e+002, 4.190000000000000e+001, 4.164944474835998e+001
 4.195000000000000e+001, 1.289231902805780e+002, 4.195000000000000e+001, 4.071440219371302e+001
 4.200000000000000e+001, 1.274052313070408e+002, 4.200000000000000e+001, 3.979149464988706e+001
 4.205000000000000e+001, 1.258931867017489e+002, 4.205000000000000e+001, 3.888083633834589e+001
 4.210000000000000e+001, 1.243871016485979e+002, 4.210000000000000e+001, 3.798253913964655e+001
 4.215000000000000e+001, 1.228870223646735e+002, 4.215000000000000e+001, 3.709671229441464e+001
 4.220000000000000e+001, 1.213929961241429e+002, 4.220000000000000e+001, 3.622346209423670e+001
 4.225000000000000e+001, 1.199050712776803e+002, 4.225000000000000e+001, 3.536289156324522e+001
 4.230000000000000e+001, 1.184232972721938e+002, 4.230000000000000e+001, 3.451510013129179e+001
 4.235000000000000e+001, 1.169477246742587e+002, 4.235000000000000e+001, 3.368018329974813e+001
 4.240000000000000e+001, 1.154784051952454e+002, 4.240000000000000e+001, 3.285823230111227e+001
 4.245000000000000e+001, 1.140153917152258e+002, 4.245000000000000e+001, 3.204933375373951e+001
 4.250000000000000e+001, 1.125587383036453e+002, 4.250000000000000e+001, 3.125356931316493e+001
 4.255000000000000e+001, 1.111085002422190e+002, 4.255000000000000e+001, 3.047101532161701e+001
 4.260000000000000e+001, 1.096647340498748e+002, 4.260000000000000e+001, 2.970174245746445e+001
 4.265000000000000e+001, 1.082274975071509e+002, 4.265000000000000e+001, 2.894581538646238e+001
 4.270000000000000e+001, 1.067968496798270e+002, 4.270000000000000e+001, 2.820329339615426e+001
 4.275000000000000e+001, 1.053728509424186e+002, 4.275000000000000e+001, 2.747422819934747e+001
 4.280000000000000e+001, 1.039555630018590e+002, 4.280000000000000e+001, 2.675866350256206e+001
 4.285000000000000e+001, 1.025450489212987e+002, 4.285000000000000e+001, 2.605663606215335e+001
 4.290000000000000e+001, 1.011413731415166e+002, 4.290000000000000e+001, 2.536817551310009e+001
 4.295000000000000e+001, 9.974460150781347e+001, 4.295000000000000e+001, 2.469330369466336e+001
 4.300000000000000e+001, 9.835480129572513e+001, 4.300000000000000e+001, 2.403203411026170e+001
 4.305000000000000e+001, 9.697204123097484e+001, 4.305000000000000e+001, 2.338437167128029e+001
 4.310000000000000e+001, 9.559639150903648e+001, 4.310000000000000e+001, 2.275031254108359e+001
 4.315000000000000e+001, 9.422792381820247e+001, 4.315000000000000e+001, 2.212984397760137e+001
 4.320000000000000e+001, 9.286671136368965e+001, 4.320000000000000e+001, 2.152294414946887e+001
 4.325000000000000e+001, 9.151282888950478e+001, 4.325000000000000e+001, 2.092958196820637e+001
 4.330000000000000e+001, 9.016635269597627e+001, 4.330000000000000e+001, 2.034971695358484e+001
 4.335000000000000e+001, 8.882736065842414e+001, 4.335000000000000e+001, 1.978329914150032e+001
 4.340000000000000e+001, 8.749593224679936e+001, 4.340000000000000e+001, 1.923026902642814e+001
 4.345000000000000e+001, 8.617214854359663e+001, 4.345000000000000e+001, 1.869055753864910e+001
 4.350000000000000e+001, 8.485609225965789e+001, 4.350000000000000e+001, 1.816408605432416e+001
 4.355000000000000e+001, 8.354784774836220e+001, 4.355000000000000e+001, 1.765076644184266e+001
 4.360000000000000e+001, 8.224750101843732e+001, 4.360000000000000e+001, 1.715050114404286e+001
 4.365000000000000e+001, 8.095513974519878e+001, 4.365000000000000e+001, 1.666318329766101e+001
 4.370000000000000e+001, 7.967085327989028e+001, 4.370000000000000e+001, 1.618869688856750e+001
 4.375000000000000e+001, 7.839473265686137e+001, 4.375000000000000e+001, 1.572691694288085e+001
 4.380000000000000e+001, 7.712687059837222e+001, 4.380000000000000e+001, 1.527770975231010e+001
 4.385000000000000e+001, 7.586736151683012e+001, 4.385000000000000e+001, 1.484093313314592e+001
 4.390000000000000e+001, 7.461630151423036e+001, 4.390000000000000e+001, 1.441643671689434e+001
 4.395000000000000e+001, 7.337378837854719e+001, 4.395000000000000e+001, 1.400406227124316e+001
 4.400000000000000e+001, 7.213992157681024e+001, 4.400000000000000e+001, 1.360364404891130e+001
 4.405000000000000e+001, 7.091480224458071e+001, 4.405000000000000e+001, 1.321500916248925e+001
 4.410000000000000e+001, 6.969853317153789e+001, 4.410000000000000e+001, 1.283797798247513e+001
 4.415000000000000e+001, 6.849121878286709e+001, 4.415000000000000e+001, 1.247236455620112e+001
 4.420000000000000e+001, 6.729296511612584e+001, 4.420000000000000e+001, 1.211797704460316e+001
 4.425000000000000e+001, 6.610387979325567e+001, 4.425000000000000e+001, 1.177461817426141e+001
 4.430000000000000e+001, 6.492407198738457e+001, 4.430000000000000e+001, 1.144208570152952e+001
 4.435000000000000e+001, 6.375365238406078e+001, 4.435000000000000e+001, 1.112017288606524e+001
 4.440000000000000e+001, 6.259273313654101e+001, 4.440000000000000e+001, 1.080866897057500e+001
 4.445000000000000e+001, 6.144142781474369e+001, 4.445000000000000e+001, 1.050735961711670e+001
 4.450000000000000e+001, 6.029985134747441e+001, 4.450000000000000e+001, 1.021602745189927e+001
 4.455000000000000e+001, 5.916811995751242e+001, 4.455000000000000e+001, 9.934452613247276e+000
 4.460000000000000e+001, 5.804635108914852e+001, 4.460000000000000e+001, 9.662413162892241e+000
 4.465000000000000e+001, 5.693466332775479e+001, 4.465000000000000e+001, 9.399685496621334e+000
 4.470000000000000e+001, 5.583317631096352e+001, 4.470000000000000e+001, 9.146044798994559e+000
 4.475000000000000e+001, 5.474201063103848e+001, 4.475000000000000e+001, 8.901265558285127e+000
 4.480000000000000e+001, 5.366128772801654e+001, 4.480000000000000e+001, 8.665121996085778e+000
 4.485000000000000e+001, 5.259112977321315e+001, 4.485000000000000e+001, 8.437388506433763e+000
 4.490000000000000e+001, 5.153165954269053e+001, 4.490000000000000e+001, 8.217839996681184e+000
 4.495000000000000e+001, 5.048300029386514e+001, 4.495000000000000e+001, 8.006252329458244e+000
 4.500000000000000e+001, 4.944527561841628e+001, 4.500000000000000e+001, 7.802402616677230e+000
 4.505000000000000e+001, 4.841860920918762e+001, 4.505000000000000e+001, 7.606069698084864e+000
 4.510000000000000e+001, 4.740312474820284e+001, 4.510000000000000e+001, 7.417034281550644e+000
 4.515000000000000e+001, 4.639894574256432e+001, 4.515000000000000e+001, 7.235079455362636e+000
 4.520000000000000e+001, 4.540619532576140e+001, 4.520000000000000e+001, 7.059990695206010e+000
 4.525000000000000e+001, 4.442499604458866e+001, 4.525000000000000e+001, 6.891556483015018e+000
 4.530000000000000e+001, 4.345546963719431e+001, 4.530000000000000e+001, 6.729568142904605e+000
 4.535000000000000e+001, 4.249773680162097e+001, 4.535000000000000e+001, 6.573820516236003e+000
 4.540000000000000e+001, 4.155191695322628e+001, 4.540000000000000e+001, 6.424111635271031e+000
 4.545000000000000e+001, 4.061812797015159e+001, 4.545000000000000e+001, 6.280243488647036e+000
 4.550000000000000e+001, 3.969648592678357e+001, 4.550000000000000e+001, 6.142021497109136e+000
 4.555000000000000e+001, 3.878710481552621e+001, 4.555000000000000e+001, 6.009255433231759e+000
 4.560000000000000e+001, 3.789009625735586e+001, 4.560000000000000e+001, 5.881758630770273e+000
 4.565000000000000e+001, 3.700556920171552e+001, 4.565000000000000e+001, 5.759349138394173e+000
 4.570000000000000e+001, 3.613362961640586e+001, 4.570000000000000e+001, 5.641848568337846e+000
 4.575000000000000e+001, 3.527438016825566e+001, 4.575000000000000e+001, 5.529083606051835e+000
 4.580000000000000e+001, 3.442791989548098e+001, 4.580000000000000e+001, 5.420884358422655e+000
 4.585000000000000e+001, 3.359434387278733e+001, 4.585000000000000e+001, 5.317086397465973e+000
 4.590000000000000e+001, 3.277374287040738e+001, 4.590000000000000e+001, 5.217528398819746e+000
 4.595000000000000e+001, 3.196620300840836e+001, 4.595000000000000e+001, 5.122054983469330e+000
 4.600000000000000e+001, 3.117180540775104e+001, 4.600000000000000e+001, 5.030513331321716e+000
 4.605000000000000e+001, 3.039062583971379e+001, 4.605000000000000e+001, 4.942757896218397e+000
 4.610000000000000e+001, 2.962273437543767e+001, 4.610000000000000e+001, 4.858643651544990e+000
 4.615000000000000e+001, 2.886819596748523e+001, 4.615000000000000e+001, 4.778033650629773e+000
 4.620000000000000e+001, 2.812706834254493e+001, 4.620000000000000e+001, 4.700791207494412e+000
 4.625000000000000e+001, 2.739940156994867e+001, 4.625000000000000e+001, 4.626788092950438e+000
 4.630000000000000e+001, 2.668523903397837e+001, 4.630000000000000e+001, 4.555896319033878e+000
 4.635000000000000e+001, 2.598461724431799e+001, 4.635000000000000e+001, 4.487995719145178e+000
 4.640000000000000e+001, 2.529756516731188e+001, 4.640000000000000e+001, 4.422966714057837e+000
 4.645000000000000e+001, 2.462410368576710e+001, 4.645000000000000e+001, 4.360696963828923e+000
 4.650000000000000e+001, 2.396424532486669e+001, 4.650000000000000e+001, 4.301074932755397e+000
 4.655000000000000e+001, 2.331799407261446e+001, 4.655000000000000e+001, 4.243995818414017e+000
 4.660000000000000e+001, 2.268534519710958e+001, 4.660000000000000e+001, 4.189355771647787e+000
 4.665000000000000e+001, 2.206628503913675e+001, 4.665000000000000e+001, 4.137057220938083e+000
 4.670000000000000e+001, 2.146079081929488e+001, 4.670000000000000e+001, 4.087003635775607e+000
 4.675000000000000e+001, 2.086883047700626e+001, 4.675000000000000e+001, 4.039104345968253e+000
 4.680000000000000e+001, 2.029036254959084e+001, 4.680000000000000e+001, 3.993269761757172e+000
 4.685000000000000e+001, 1.972533608483001e+001, 4.685000000000000e+001, 3.949415768997797e+000
 4.690000000000000e+001, 1.917369058699348e+001, 4.690000000000000e+001, 3.907459336900879e+000
 4.695000000000000e+001, 1.863535599524932e+001, 4.695000000000000e+001, 3.867322554445861e+000
 4.700000000000000e+001, 1.811025269762395e+001, 4.700000000000000e+001, 3.828928569455318e+000
 4.705000000000000e+001, 1.759829158071008e+001, 4.705000000000000e+001, 3.792205319331968e+000
 4.710000000000000e+001, 1.709937411642384e+001, 4.710000000000000e+001, 3.757081755396497e+000
 4.715000000000000e+001, 1.661339248493815e+001, 4.715000000000000e+001, 3.723491311544652e+000
 4.720000000000000e+001, 1.614022973393527e+001, 4.720000000000000e+001, 3.691368375886860e+000
 4.725000000000000e+001, 1.567975997302272e+001, 4.725000000000000e+001, 3.660651533356165e+000
 4.730000000000000e+001, 1.523184860281587e+001, 4.730000000000000e+001, 3.631280253105423e+000
 4.735000000000000e+001, 1.479635257710506e+001, 4.735000000000000e+001, 3.603197935019436e+000
 4.740000000000000e+001, 1.437312069689304e+001, 4.740000000000000e+001, 3.576348786466030e+000
 4.745000000000000e+001, 1.396199393421007e+001, 4.745000000000000e+001, 3.550680697760374e+000
 4.750000000000000e+001, 1.356280578389590e+001, 4.750000000000000e+001, 3.526142286019624e+000
 4.755000000000000e+001, 1.317538264084064e+001, 4.755000000000000e+001, 3.502685620638923e+000
 4.760000000000000e+001, 1.279954420041988e+001, 4.760000000000000e+001, 3.480263415379220e+000
 4.765000000000000e+001, 1.243510387929772e+001, 4.765000000000000e+001, 3.458831621650068e+000
 4.770000000000000e+001, 1.208186925401049e+001, 4.770000000000000e+001, 3.438346752731188e+000
 4.775000000000000e+001, 1.173964251430371e+001, 4.775000000000000e+001, 3.418768359969822e+000
 4.780000000000000e+001, 1.140822092846151e+001, 4.780000000000000e+001, 3.400056475324463e+000
 4.785000000000000e+001, 1.108739731753000e+001, 4.785000000000000e+001, 3.382173983359826e+000
 4.790000000000000e+001, 1.077696048903805e+001, 4.790000000000000e+001, 3.365084170202755e+000
 4.795000000000000e+001, 1.047669578074209e+001, 4.795000000000000e+001, 3.348753002366726e+000
 4.800000000000000e+001, 1.018638561001971e+001, 4.800000000000000e+001, 3.333146771800481e+000
 4.805000000000000e+001, 9.905809890479539e+000, 4.805000000000000e+001, 3.318234291026126e+000
 4.810000000000000e+001, 9.634746449535408e+000, 4.810000000000000e+001, 3.303984625299619e+000
 4.815000000000000e+001, 9.372971492126920e+000, 4.815000000000000e+001, 3.290369212246278e+000
 4.820000000000000e+001, 9.120260124740748e+000, 4.820000000000000e+001, 3.277359673285150e+000
 4.825000000000000e+001, 8.876386798320736e+000, 4.825000000000000e+001, 3.264929864848885e+000
 4.830000000000000e+001, 8.641125759394335e+000, 4.830000000000000e+001, 3.253053762188020e+000
 4.835000000000000e+001, 8.414251409044647e+000, 4.835000000000000e+001, 3.241707448333132e+000
 4.840000000000000e+001, 8.195538757133029e+000, 4.840000000000000e+001, 3.230867064219436e+000
 4.845000000000000e+001, 7.984763739340129e+000, 4.845000000000000e+001, 3.220510740759284e+000
 4.850000000000000e+001, 7.781703702305364e+000, 4.850000000000000e+001, 3.210616609935742e+000
 4.855000000000000e+001, 7.586137590706474e+000, 4.855000000000000e+001, 3.201164684679580e+000
 4.860000000000000e+001, 7.397846423851687e+000, 4.860000000000000e+001, 3.192134926191701e+000
 4.865000000000000e+001, 7.216613408283997e+000, 4.865000000000000e+001, 3.183509075741721e+000
 4.870000000000000e+001, 7.042224447102022e+000, 4.870000000000000e+001, 3.175268774008810e+000
 4.875000000000000e+001, 6.874468165824160e+000, 4.875000000000000e+001, 3.167397348423283e+000
 4.880000000000000e+001, 6.713136413097562e+000, 4.880000000000000e+001, 3.159877980776048e+000
 4.885000000000000e+001, 6.558024168049937e+000, 4.885000000000000e+001, 3.152695453297627e+000
 4.890000000000000e+001, 6.408930076963144e+000, 4.890000000000000e+001, 3.145834361188473e+000
 4.895000000000000e+001, 6.265656233384257e+000, 4.895000000000000e+001, 3.139280820260840e+000
 4.900000000000000e+001, 6.128008783914349e+000, 4.900000000000000e+001, 3.133020721394238e+000
 4.905000000000000e+001, 5.995797540718640e+000, 4.905000000000000e+001, 3.127041402245916e+000
 4.910000000000000e+001, 5.868836700082293e+000, 4.910000000000000e+001, 3.121329940944842e+000
 4.915000000000000e+001, 5.746944236105425e+000, 4.915000000000000e+001, 3.115874794098821e+000
 4.920000000000000e+001, 5.629942801153614e+000, 4.920000000000000e+001, 3.110664127312649e+000
 4.925000000000000e+001, 5.517658825610244e+000, 4.925000000000000e+001, 3.105687421477976e+000
 4.930000000000000e+001, 5.409923699686744e+000, 4.930000000000000e+001, 3.100933837941605e+000
 4.935000000000000e+001, 5.306572465760723e+000, 4.935000000000000e+001, 3.096393794853070e+000
 4.940000000000000e+001, 5.207445427731109e+000, 4.940000000000000e+001, 3.092057365021675e+000
 4.945000000000000e+001, 5.112386265173339e+000, 4.945000000000000e+001, 3.087915823912017e+000
 4.950000000000000e+001, 5.021244287614715e+000, 4.950000000000000e+001, 3.083960078416877e+000
 4.955000000000000e+001, 4.933871711931618e+000, 4.955000000000000e+001, 3.080182187928953e+000
 4.960000000000000e+001, 4.850126887615775e+000, 4.960000000000000e+001, 3.076573822424200e+000
 4.965000000000000e+001, 4.769870343811515e+000, 4.965000000000000e+001, 3.073127757895696e+000
 4.970000000000000e+001, 4.692969478980865e+000, 4.970000000000000e+001, 3.069836362291118e+000
 4.975000000000000e+001, 4.619292473405367e+000, 4.975000000000000e+001, 3.066693066469345e+000
 4.980000000000000e+001, 4.548716685945398e+000, 4.980000000000000e+001, 3.063690876668635e+000
 4.985000000000000e+001, 4.481118405587178e+000, 4.985000000000000e+001, 3.060823822036072e+000
 4.990000000000000e+001, 4.416381718288178e+000, 4.990000000000000e+001, 3.058085492421653e+000
 4.995000000000000e+001, 4.354391071341787e+000, 4.995000000000000e+001, 3.055470463433024e+000
 5.000000000000000e+001, 4.295038483706820e+000, 5.000000000000000e+001, 3.052972858456745e+000
 5.005000000000000e+001, 4.238216489878775e+000, 5.005000000000000e+001, 3.050587752104354e+000
 5.010000000000000e+001, 4.183824539555402e+000, 5.010000000000000e+001, 3.048309755457025e+000
 5.015000000000000e+001, 4.131762681795392e+000, 5.015000000000000e+001, 3.046134398692380e+000
 5.020000000000000e+001, 4.081937387148286e+000, 5.020000000000000e+001, 3.044056738633861e+000
 5.025000000000000e+001, 4.034255823137312e+000, 5.025000000000000e+001, 3.042072721279683e+000
 5.030000000000000e+001, 3.988631152661701e+000, 5.030000000000000e+001, 3.040177810814604e+000
 5.035000000000000e+001, 3.944977287569981e+000, 5.035000000000000e+001, 3.038368332701907e+000
 5.040000000000000e+001, 3.903213739539029e+000, 5.040000000000000e+001, 3.036640123383873e+000
 5.045000000000000e+001, 3.863260781874325e+000, 5.045000000000000e+001, 3.034989854543779e+000
 5.050000000000000e+001, 3.825043922084416e+000, 5.050000000000000e+001, 3.033413702783078e+000
 5.055000000000000e+001, 3.788489414907326e+000, 5.055000000000000e+001, 3.031908655612360e+000
 5.060000000000000e+001, 3.753528411478357e+000, 5.060000000000000e+001, 3.030471200448731e+000
 5.065000000000000e+001, 3.720092775679092e+000, 5.065000000000000e+001, 3.029098612851785e+000
 5.070000000000000e+001, 3.688118954858140e+000, 5.070000000000000e+001, 3.027787664234709e+000
 5.075000000000000e+001, 3.657544059901532e+000, 5.075000000000000e+001, 3.026535892822938e+000
 5.080000000000000e+001, 3.628309494883005e+000, 5.080000000000000e+001, 3.025340329517599e+000
 5.085000000000000e+001, 3.600357267854153e+000, 5.085000000000000e+001, 3.024198752020137e+000
 5.090000000000000e+001, 3.573633410608064e+000, 5.090000000000000e+001, 3.023108428327458e+000
 5.095000000000000e+001, 3.548084492460845e+000, 5.095000000000000e+001, 3.022067354434995e+000
 5.100000000000000e+001, 3.523660856291789e+000, 5.100000000000000e+001, 3.021073014979655e+000
 5.105000000000000e+001, 3.500313311874241e+000, 5.105000000000000e+001, 3.020123604906142e+000
 5.110000000000000e+001, 3.477996210262313e+000, 5.110000000000000e+001, 3.019216806807055e+000
 5.115000000000000e+001, 3.456664296731929e+000, 5.115000000000000e+001, 3.018350996912415e+000
 5.120000000000000e+001, 3.436275642222006e+000, 5.120000000000000e+001, 3.017524038706335e+000
 5.125000000000000e+001, 3.416788638829313e+000, 5.125000000000000e+001, 3.016734473577310e+000
 5.130000000000000e+001, 3.398164804235560e+000, 5.130000000000000e+001, 3.015980330318129e+000
 5.135000000000000e+001, 3.380365905088999e+000, 5.135000000000000e+001, 3.015260300754291e+000
 5.140000000000000e+001, 3.363356648043410e+000, 5.140000000000000e+001, 3.014572564758522e+000
 5.145000000000000e+001, 3.347101918352242e+000, 5.145000000000000e+001, 3.013915745998944e+000
 5.150000000000000e+001, 3.331569369221335e+000, 5.150000000000000e+001, 3.013288180867103e+000
 5.155000000000000e+001, 3.316726764613715e+000, 5.155000000000000e+001, 3.012688938880118e+000
 5.160000000000000e+001, 3.302544477004337e+000, 5.160000000000000e+001, 3.012116620300205e+000
 5.165000000000000e+001, 3.288992924805063e+000, 5.165000000000000e+001, 3.011570151322157e+000
 5.170000000000000e+001, 3.276044987250615e+000, 5.170000000000000e+001, 3.011048285072988e+000
 5.175000000000000e+001, 3.263673528050891e+000, 5.175000000000000e+001, 3.010549975849020e+000
 5.180000000000000e+001, 3.251853734987698e+000, 5.180000000000000e+001, 3.010074118869141e+000
 5.185000000000000e+001, 3.240560722423097e+000, 5.185000000000000e+001, 3.009619733138795e+000
 5.190000000000000e+001, 3.229771802210059e+000, 5.190000000000000e+001, 3.009185829117002e+000
 5.195000000000000e+001, 3.219464158561045e+000, 5.195000000000000e+001, 3.008771498999858e+000
 5.200000000000000e+001, 3.209617056043386e+000, 5.200000000000000e+001, 3.008375849514955e+000
 5.205000000000000e+001, 3.200209581065925e+000, 5.205000000000000e+001, 3.007998300051982e+000
 5.210000000000000e+001, 3.191222792017897e+000, 5.210000000000000e+001, 3.007637886391309e+000
 5.215000000000000e+001, 3.182637522282905e+000, 5.215000000000000e+001, 3.007293700368328e+000
 5.220000000000000e+001, 3.174436476968880e+000, 5.220000000000000e+001, 3.006965001879654e+000
 5.225000000000000e+001, 3.166602092923967e+000, 5.225000000000000e+001, 3.006650968395323e+000
 5.230000000000000e+001, 3.159118585978904e+000, 5.230000000000000e+001, 3.006351008887426e+000
 5.235000000000000e+001, 3.151969863931633e+000, 5.235000000000000e+001, 3.006064540580898e+000
 5.240000000000000e+001, 3.145141527768902e+000, 5.240000000000000e+001, 3.005790984624420e+000
 5.245000000000000e+001, 3.138618834016611e+000, 5.245000000000000e+001, 3.005529760902439e+000
 5.250000000000000e+001, 3.132388653013689e+000, 5.250000000000000e+001, 3.005280319579095e+000
 5.255000000000000e+001, 3.126437477402183e+000, 5.255000000000000e+001, 3.005042127505858e+000
 5.260000000000000e+001, 3.120753340184559e+000, 5.260000000000000e+001, 3.004814679585704e+000
 5.265000000000000e+001, 3.115323866458848e+000, 5.265000000000000e+001, 3.004597490080728e+000
 5.270000000000000e+001, 3.110138153692788e+000, 5.270000000000000e+001, 3.004390097366668e+000
 5.275000000000000e+001, 3.105184864101314e+000, 5.275000000000000e+001, 3.004192058986844e+000
 5.280000000000000e+001, 3.100454069311078e+000, 5.280000000000000e+001, 3.004002953563391e+000
 5.285000000000000e+001, 3.095935381035455e+000, 5.285000000000000e+001, 3.003822377901299e+000
 5.290000000000000e+001, 3.091619762075618e+000, 5.290000000000000e+001, 3.003649947553833e+000
 5.295000000000000e+001, 3.087497693176514e+000, 5.295000000000000e+001, 3.003485295001072e+000
 5.300000000000000e+001, 3.083560952111319e+000, 5.300000000000000e+001, 3.003328069579664e+000
 5.305000000000000e+001, 3.079800814804333e+000, 5.305000000000000e+001, 3.003177936233695e+000
 5.310000000000000e+001, 3.076209804070473e+000, 5.310000000000000e+001, 3.003034575157997e+000
 5.315000000000000e+001, 3.072779923271019e+000, 5.315000000000000e+001, 3.002897680865643e+000
 5.320000000000000e+001, 3.069504376125547e+000, 5.320000000000000e+001, 3.002766961716244e+000
 5.325000000000000e+001, 3.066375831326673e+000, 5.325000000000000e+001, 3.002642139169091e+000
 5.330000000000000e+001, 3.063388114705834e+000, 5.330000000000000e+001, 3.002522947279669e+000
 5.335000000000000e+001, 3.060534503375970e+000, 5.335000000000000e+001, 3.002409132070413e+000
 5.340000000000000e+001, 3.057809391412377e+000, 5.340000000000000e+001, 3.002300451034830e+000
 5.345000000000000e+001, 3.055206612219838e+000, 5.345000000000000e+001, 3.002196672589635e+000
 5.350000000000000e+001, 3.052721078783324e+000, 5.350000000000000e+001, 3.002097575604157e+000
 5.355000000000000e+001, 3.050347133070172e+000, 5.355000000000000e+001, 3.002002948913716e+000
 5.360000000000000e+001, 3.048080161811080e+000, 5.360000000000000e+001, 3.001912590881261e+000
 5.365000000000000e+001, 3.045914971850017e+000, 5.365000000000000e+001, 3.001826308960117e+000
 5.370000000000000e+001, 3.043847382332177e+000, 5.370000000000000e+001, 3.001743919289632e+000
 5.375000000000000e+001, 3.041872625005857e+000, 5.375000000000000e+001, 3.001665246299686e+000
 5.380000000000000e+001, 3.039986913619532e+000, 5.380000000000000e+001, 3.001590122339644e+000
 5.385000000000000e+001, 3.038185868262064e+000, 5.385000000000000e+001, 3.001518387319346e+000
 5.390000000000000e+001, 3.036466062704688e+000, 5.390000000000000e+001, 3.001449888369582e+000
 5.395000000000000e+001, 3.034823471939730e+000, 5.395000000000000e+001, 3.001384479515533e+000
 5.400000000000000e+001, 3.033254998144088e+000, 5.400000000000000e+001, 3.001322021366577e+000
 5.405000000000000e+001, 3.031756940643000e+000, 5.405000000000000e+001, 3.001262380818902e+000
 5.410000000000000e+001, 3.030326501118738e+000, 5.410000000000000e+001, 3.001205430772373e+000
 5.415000000000000e+001, 3.028960275285690e+000, 5.415000000000000e+001, 3.001151049859537e+000
 5.420000000000000e+001, 3.027655737920718e+000, 5.420000000000000e+001, 3.001100451465011e+000
 5.425000000000000e+001, 3.026409755589627e+000, 5.425000000000000e+001, 3.001051995179308e+000
 5.430000000000000e+001, 3.025220052033295e+000, 5.430000000000000e+001, 3.001005701078855e+000
 5.435000000000000e+001, 3.024083741334154e+000, 5.435000000000000e+001, 3.000961429070031e+000
 5.440000000000000e+001, 3.022998774154206e+000, 5.440000000000000e+001, 3.000919111639635e+000
 5.445000000000000e+001, 3.021962490773950e+000, 5.445000000000000e+001, 3.000878653987104e+000
 5.450000000000000e+001, 3.020973048644349e+000, 5.450000000000000e+001, 3.000839978300018e+000
 5.455000000000000e+001, 3.020027994770177e+000, 5.455000000000000e+001, 3.000803004446556e+000
 5.460000000000000e+001, 3.019125675007363e+000, 5.460000000000000e+001, 3.000767658286509e+000
 5.465000000000000e+001, 3.018263825298532e+000, 5.465000000000000e+001, 3.000733867849175e+000
 5.470000000000000e+001, 3.017440963119565e+000, 5.470000000000000e+001, 3.000701564804404e+000
 5.475000000000000e+001, 3.016654632719027e+000, 5.475000000000000e+001, 3.000670683620876e+000
 5.480000000000000e+001, 3.015903721582397e+000, 5.480000000000000e+001, 3.000641161742127e+000
 5.485000000000000e+001, 3.015186478052501e+000, 5.485000000000000e+001, 3.000612939325189e+000
 5.490000000000000e+001, 3.014501628949961e+000, 5.490000000000000e+001, 3.000585959178341e+000
 5.495000000000000e+001, 3.013847589519965e+000, 5.495000000000000e+001, 3.000560166619482e+000
 5.500000000000000e+001, 3.013223077002847e+000, 5.500000000000000e+001, 3.000535509376604e+000
